p	linkRatio	samplenum
0.0	0.0033773839657785026	13032276	0.6718624590209722
0.3	0.0786671684096822	369379	11.401016300331095
0.4	0.09746188387846413	247861	13.598464461936327
2.9	0.2756177785274521	11857	37.1403390402294
0.5	0.11408769898538716	182237	15.663279136509052
17.9	0.5334773218142549	463	82.36717062634989
1.2	0.1878333164351617	49315	25.073466490925682
5.9	0.3533276206798058	3501	47.32047986289631
0.2	0.05802195477297534	623919	8.794417224030683
0.6	0.1265561495042387	140491	17.090746026435855
15.8	0.4874274661508704	517	77.68278529980658
1.6	0.2160031149615497	30819	28.252182095460594
0.7	0.14078344709593485	112222	18.875657179519166
0.1	0.03262673582547503	1385796	5.434479533784193
1.4	0.19857349596857557	38696	26.373759561711804
4.3	0.29783271249576704	5906	42.03521842194379
1.3	0.195532694475761	42576	26.016347237880495
0.8	0.1520217126398582	90270	20.43746538163288
3.8	0.29174585935378766	7366	40.028780885147974
2.3	0.23677538319695748	17354	32.254869194422035
3.3	0.27710334635279216	9473	37.646046658925364
1.1	0.17821128344250298	56029	23.75039711577933
3.0	0.2779469724113221	11164	37.689089931924045
1.8	0.22500486854917234	25675	30.04058422590068
2.7	0.26233099176674973	13239	35.60963819019563
3.4	0.2908745247148289	8942	38.62860657571013
2.1	0.23688877628578667	19735	31.64717506967317
1.5	0.2052713806272422	34564	27.180100682791345
2.8	0.26717496624573106	12591	35.814311810023035
4.8	0.33500200240288347	4994	44.290548658390065
0.9	0.16005930509894928	77565	21.480345516663444
50.0	0.8043478260869565	46	162.97826086956522
7.0	0.360546875	2560	50.726171875
10.8	0.4420485175202156	1113	62.01347708894879
7.6	0.38822992700729925	2192	54.28239051094891
1.9	0.2333135944505541	23642	30.461466880974537
4.7	0.325824935783442	5061	43.545939537640784
2.2	0.23900813807417118	18309	32.04899229886941
4.6	0.3142314990512334	5270	42.88368121442125
1.0	0.1677499845973754	64924	22.481100979606925
1.7	0.2216302046577276	28340	29.455963302752295
3.6	0.29581475978207034	8076	39.2667161961367
2.5	0.24921404244170814	15268	34.01329578202777
4.5	0.31874887000542396	5531	42.82227445308263
10.9	0.43940886699507387	1015	59.9487684729064
9.0	0.40447284345047924	1565	58.07220447284345
17.3	0.5339366515837104	442	79.3552036199095
2.0	0.236903831118061	21743	31.127121372395713
6.1	0.36214242239805233	3286	48.49208764455265
6.4	0.3657885961987329	2999	49.92164054684895
14.5	0.48520710059171596	676	74.05621301775147
18.4	0.5394088669950738	406	85.41133004926108
7.7	0.3874827427519558	2173	54.35020708697653
3.9	0.29779723242022027	7082	40.36472747811353
7.9	0.4051724137931034	2088	55.53639846743295
21.1	0.6153846153846154	286	99.2937062937063
2.4	0.24811152735982314	16283	33.32045691825831
6.2	0.35899073778345575	3131	48.646119450654744
11.5	0.4353059177532598	997	63.18254764292879
9.3	0.4223057644110276	1596	57.61904761904762
19.3	0.6260162601626016	369	89.29268292682927
5.2	0.341157332093888	4303	45.089704857076455
3.7	0.29026411185914036	7724	39.35797514241326
11.6	0.4587251828631139	957	62.492163009404386
15.5	0.498134328358209	536	72.93283582089552
3.1	0.27693180743403006	10573	37.698477253381256
10.2	0.4357459379615953	1354	60.88478581979321
14.9	0.5088282504012841	623	74.08667736757624
3.2	0.2825162074554295	9872	38.33711507293355
6.8	0.37030213706705967	2714	50.87214443625645
5.5	0.3369397217928903	3882	46.87145801133436
4.0	0.30720588235294116	6800	40.03205882352941
7.8	0.4044783230109576	2099	54.29442591710338
4.4	0.30129076086956524	5888	41.49864130434783
20.0	0.5764331210191083	314	88.32484076433121
5.6	0.33997308209959626	3715	46.907133243607
12.8	0.45958986731001206	829	66.27744270205066
3.5	0.28878593490140175	8418	39.022689474934666
9.9	0.4489329268292683	1312	60.8467987804878
2.6	0.26210362400906	14128	35.08515005662514
9.7	0.4170927684441198	1369	58.84441197954712
4.1	0.30054988216810685	6365	39.70683424980361
10.5	0.4355108877721943	1194	63.03685092127303
15.3	0.5472	625	77.3408
6.0	0.35206216377764493	3346	48.92707710699342
36.5	0.6867469879518072	83	123.67469879518072
16.1	0.525911708253359	521	76.3320537428023
10.6	0.43247721623860813	1207	58.30488815244408
6.9	0.37663755458515286	2748	50.522561863173216
14.8	0.5039619651347068	631	73.32646592709985
16.2	0.5476190476190477	504	80.99801587301587
8.4	0.4067982456140351	1824	56.55592105263158
7.5	0.37749224634470535	2257	52.54054054054054
6.7	0.35691318327974275	2799	50.49124687388353
5.7	0.3364712210866057	3718	47.43356643356643
8.7	0.3941908713692946	1687	55.815056312981625
5.3	0.3270425226946966	4186	45.92881032011467
10.0	0.41852117731514715	1393	59.98061737257717
9.8	0.40232558139534885	1290	59.54031007751938
14.4	0.49707602339181284	684	75.49122807017544
12.3	0.470917225950783	894	67.48993288590604
8.8	0.432	1750	56.990857142857145
13.1	0.4706616729088639	801	69.2047440699126
11.4	0.43091095189355166	977	62.660184237461614
57.5	0.7894736842105263	19	153.68421052631578
5.0	0.31157455683003127	4795	44.667570385818564
13.8	0.4948604992657856	681	67.85903083700441
7.1	0.37807881773399016	2436	52.44991789819376
16.6	0.5070707070707071	495	76.87474747474748
7.4	0.38978040540540543	2368	53.51942567567568
6.3	0.3665480427046263	3091	49.169847945648655
20.4	0.6099706744868035	341	95.11436950146627
11.2	0.45589692765113976	1009	61.4816650148662
19.7	0.5479041916167665	334	89.6497005988024
4.2	0.3075438314299501	6217	41.715457616213605
16.7	0.5128712871287129	505	82.95445544554455
6.6	0.3637650389242746	2826	50.859872611464965
13.9	0.511049723756906	724	70.84668508287292
5.4	0.341552734375	4096	46.4677734375
7.3	0.35793515358361777	2344	49.504692832764505
11.9	0.4585698070374574	881	63.41884222474461
12.2	0.4760820045558087	878	66.28018223234623
8.0	0.39781368821292773	2104	54.928231939163496
5.1	0.33497096918267083	4478	45.09468512728897
4.9	0.3323693451766164	4841	44.239619913241064
77.6	0.9166666666666666	12	182.33333333333334
408.8	1.0	1	481.0
127.7	1.0	5	211.0
11.8	0.45846817691477887	927	64.27939590075512
19.1	0.5489614243323442	337	88.40059347181008
33.5	0.6206896551724138	116	112.71551724137932
88.6	0.9230769230769231	13	188.30769230769232
14.3	0.47351524879614765	623	70.39807383627608
10.1	0.39664378337147216	1311	57.95270785659802
29.9	0.6326530612244898	147	102.68707482993197
84.8	0.7777777777777778	9	229.66666666666666
53.8	0.7941176470588235	34	151.64705882352942
95.9	0.7777777777777778	9	181.88888888888889
46.0	0.8571428571428571	56	162.75
22.9	0.53515625	256	91.1171875
20.5	0.5614035087719298	342	89.54093567251462
35.1	0.7333333333333333	90	114.53333333333333
58.7	0.9473684210526315	19	187.6315789473684
22.3	0.6127659574468085	235	94.44255319148937
70.3	0.8666666666666667	15	201.53333333333333
40.6	0.7142857142857143	63	126.33333333333333
43.1	0.84	50	135.14
6.5	0.3503749147920927	2934	50.263803680981596
15.0	0.47697974217311234	543	71.50460405156538
37.3	0.7160493827160493	81	125.51851851851852
24.4	0.6284403669724771	218	99.77981651376147
65.1	0.9285714285714286	14	152.85714285714286
30.2	0.6209150326797386	153	113.6078431372549
76.2	0.9166666666666666	12	146.41666666666666
13.3	0.49935649935649934	777	69.26126126126127
38.8	0.8089887640449438	89	132.8876404494382
30.0	0.6690647482014388	139	111.57553956834532
135.7	1.0	2	262.5
33.2	0.6814159292035398	113	118.46017699115045
23.9	0.6228813559322034	236	103.63559322033899
52.9	0.75	36	152.55555555555554
11.3	0.4635108481262327	1014	63.94871794871795
17.6	0.5411764705882353	425	82.54823529411765
22.1	0.5880149812734082	267	96.42696629213484
17.5	0.5317647058823529	425	82.56470588235294
21.9	0.5653710247349824	283	98.3286219081272
62.1	0.8125	16	168.1875
25.8	0.63	200	111.985
74.2	0.8181818181818182	11	180.54545454545453
60.9	0.7666666666666667	30	163.03333333333333
92.1	1.0	7	168.71428571428572
34.3	0.7019230769230769	104	120.32692307692308
18.8	0.5588235294117647	374	91.08288770053476
29.0	0.6623376623376623	154	108.27922077922078
183.7	1.0	1	309.0
96.4	1.0	6	200.33333333333334
20.3	0.5661971830985916	355	90.72676056338028
45.9	0.7435897435897436	39	130.5897435897436
148.4	1.0	3	229.0
88.3	0.8571428571428571	7	154.71428571428572
56.3	0.8928571428571429	28	149.64285714285714
44.5	0.7547169811320755	53	150.83018867924528
26.6	0.7016574585635359	181	117.58563535911603
30.9	0.7348484848484849	132	115.0530303030303
56.9	0.8235294117647058	34	172.6764705882353
44.1	0.7704918032786885	61	135.5737704918033
75.7	0.8	15	141.4
21.7	0.6140350877192983	285	92.52631578947368
53.2	0.7931034482758621	29	145.0344827586207
27.9	0.6108108108108108	185	102.75675675675676
21.6	0.5460526315789473	304	91.0032894736842
7.2	0.38547717842323653	2410	53.26058091286307
24.8	0.5847457627118644	236	104.22457627118644
29.2	0.6312056737588653	141	105.05673758865248
31.9	0.71	100	117.12
17.2	0.49078341013824883	434	82.11290322580645
50.7	0.8461538461538461	39	159.6153846153846
14.1	0.4738292011019284	726	73.04820936639119
39.3	0.7903225806451613	62	121.54838709677419
122.4	1.0	4	214.0
20.7	0.5759493670886076	316	93.60759493670886
8.2	0.3928188638799571	1866	55.91907824222937
12.0	0.44868995633187775	916	66.1910480349345
9.2	0.4291139240506329	1580	58.563291139240505
11.7	0.45708376421923474	967	64.67631851085832
10.4	0.4383673469387755	1225	61.12326530612245
27.1	0.6796116504854369	206	104.53398058252426
9.5	0.4228045325779037	1412	59.53541076487252
42.7	0.8135593220338984	59	134.0677966101695
26.8	0.7083333333333334	168	110.95238095238095
57.7	0.8571428571428571	28	167.17857142857142
18.0	0.5654205607476636	428	82.75467289719626
29.7	0.6307692307692307	130	108.5
8.6	0.4158747903856903	1789	54.82839575181666
26.2	0.6145833333333334	192	115.55729166666667
8.9	0.40869565217391307	1610	55.90186335403727
21.5	0.5830388692579506	283	96.07067137809187
121.8	1.0	5	200.6
15.7	0.5197132616487455	558	77.86559139784946
9.4	0.408355795148248	1484	58.075471698113205
35.8	0.7634408602150538	93	127.23655913978494
8.5	0.40100390407138875	1793	57.13162297824874
92.4	1.0	7	146.71428571428572
25.7	0.5989583333333334	192	103.55208333333333
24.0	0.5672268907563025	238	99.19747899159664
50.3	0.8043478260869565	46	128.47826086956522
89.4	0.7272727272727273	11	164.36363636363637
41.3	0.8125	64	143.015625
75.5	0.9333333333333333	15	159.6
12.1	0.462882096069869	916	63.79148471615721
21.4	0.6312056737588653	282	98.43617021276596
20.1	0.5921787709497207	358	93.10614525139665
32.1	0.6571428571428571	105	112.8
31.8	0.6106194690265486	113	114.36283185840708
16.3	0.5121042830540037	537	77.26070763500931
30.4	0.696	125	111.384
37.6	0.7058823529411765	68	107.67647058823529
8.1	0.39613034623217924	1964	56.56160896130346
28.4	0.6804733727810651	169	108.64497041420118
46.9	0.7391304347826086	46	153.30434782608697
12.9	0.46675531914893614	752	67.00930851063829
57.4	0.8333333333333334	24	221.58333333333334
25.9	0.649746192893401	197	107.20304568527919
26.4	0.5953757225433526	173	100.08092485549133
155.8	1.0	2	336.0
8.3	0.43204653622422	1891	56.65044949762031
46.2	0.7551020408163265	49	127.77551020408163
51.4	0.78125	32	132.96875
15.9	0.5056603773584906	530	75.02641509433963
13.4	0.4675324675324675	770	71.28701298701299
64.9	0.8181818181818182	22	167.45454545454547
48.7	0.8636363636363636	44	158.0909090909091
5.8	0.3453815261044177	3486	47.16580608146873
24.1	0.6008230452674898	243	96.5843621399177
55.4	0.7419354838709677	31	157.2258064516129
18.9	0.553763440860215	372	85.83602150537635
53.5	0.8095238095238095	21	161.1904761904762
263.0	1.0	1	177.0
87.8	1.0	9	118.0
25.2	0.5752688172043011	186	103.69354838709677
61.1	0.84375	32	159.46875
12.6	0.4650630011454754	873	65.78694158075601
58.6	0.5882352941176471	17	127.11764705882354
38.6	0.6493506493506493	77	103.1948051948052
67.4	0.9	20	160.8
32.3	0.6585365853658537	123	124.92682926829268
19.4	0.5878962536023055	347	87.6743515850144
23.1	0.592436974789916	238	100.75210084033614
41.1	0.7887323943661971	71	126.43661971830986
26.1	0.5771428571428572	175	98.08571428571429
39.6	0.8421052631578947	76	124.73684210526316
32.5	0.7480916030534351	131	117.59541984732824
25.6	0.5930232558139535	172	104.25581395348837
45.0	0.8035714285714286	56	131.57142857142858
20.2	0.509375	320	87.73125
18.3	0.5858585858585859	396	87.28535353535354
98.0	1.0	4	203.75
23.4	0.5504201680672269	238	95.16806722689076
14.2	0.49624060150375937	665	71.36541353383458
31.6	0.674074074074074	135	120.13333333333334
13.6	0.47162162162162163	740	68.11621621621622
58.1	0.7272727272727273	22	139.9090909090909
42.9	0.6962025316455697	79	122.83544303797468
25.5	0.6424870466321243	193	112.64248704663213
14.0	0.4541607898448519	709	68.33568406205924
131.2	1.0	2	182.0
70.9	0.8333333333333334	6	189.33333333333334
31.1	0.6610169491525424	118	114.9322033898305
100.8	1.0	4	144.25
70.0	0.8	15	135.26666666666668
37.5	0.7333333333333333	90	131.14444444444445
33.0	0.6466165413533834	133	118.19548872180451
18.2	0.5636363636363636	440	83.26363636363637
39.5	0.75	64	123.65625
27.8	0.6688741721854304	151	104.75496688741723
53.0	0.75	40	126.85
41.8	0.75	60	128.55
32.6	0.6578947368421053	114	108.2280701754386
34.7	0.7352941176470589	102	121.11764705882354
21.0	0.603448275862069	348	92.20977011494253
23.7	0.5799086757990868	219	99.9269406392694
9.1	0.39865771812080536	1490	56.68993288590604
18.1	0.5603864734299517	414	89.47826086956522
10.7	0.44161545215100967	1139	64.64354697102722
91.6	1.0	7	148.28571428571428
84.4	0.8	10	202.5
37.0	0.6511627906976745	86	120.9186046511628
28.8	0.6524390243902439	164	109.9390243902439
57.3	0.7857142857142857	28	134.39285714285714
26.5	0.6530612244897959	196	109.21938775510205
32.9	0.7807017543859649	114	129.55263157894737
109.7	1.0	3	134.33333333333334
31.2	0.648	125	113.576
30.1	0.6715328467153284	137	104.57664233576642
37.7	0.788235294117647	85	130.9764705882353
13.2	0.48412698412698413	756	66.3558201058201
11.1	0.44649446494464945	1084	61.06826568265683
47.1	0.7307692307692307	52	129.46153846153845
20.8	0.576271186440678	295	98.0406779661017
47.8	0.7837837837837838	37	140.35135135135135
417.7	1.0	1	523.0
86.9	0.8571428571428571	14	189.92857142857142
134.5	1.0	3	362.6666666666667
78.5	0.7777777777777778	9	174.77777777777777
64.8	0.6	15	198.13333333333333
80.9	0.9333333333333333	15	201.66666666666666
58.8	0.7666666666666667	30	139.66666666666666
36.7	0.7446808510638298	94	124.85106382978724
51.9	0.6896551724137931	29	142.48275862068965
94.9	0.8	10	204.5
75.6	0.8333333333333334	12	154.83333333333334
59.6	0.6785714285714286	28	160.17857142857142
10.3	0.4316309719934102	1214	60.0156507413509
67.7	0.8125	16	149.5625
31.0	0.6444444444444445	135	107.33333333333333
35.2	0.7777777777777778	81	130.33333333333334
74.1	0.75	20	174.1
74.8	0.6153846153846154	13	149.3846153846154
67.3	0.8421052631578947	19	146.8421052631579
31.4	0.5564516129032258	124	107.79838709677419
69.7	0.7894736842105263	19	149.47368421052633
50.6	0.8055555555555556	36	133.75
73.6	0.8571428571428571	7	144.71428571428572
75.4	0.9090909090909091	11	163.9090909090909
58.0	0.7407407407407407	27	168.8148148148148
63.3	0.8260869565217391	23	189.04347826086956
85.6	0.8888888888888888	9	147.66666666666666
73.0	0.9411764705882353	17	192.58823529411765
50.9	0.775	40	148.125
78.4	0.75	8	155.875
73.9	0.9166666666666666	12	187.75
42.2	0.8070175438596491	57	148.859649122807
67.1	0.8571428571428571	14	136.92857142857142
33.4	0.7570093457943925	107	114.88785046728972
103.4	1.0	5	243.8
59.9	0.7857142857142857	28	158.78571428571428
48.0	0.8	50	147.32
72.1	0.9444444444444444	18	147.22222222222223
16.5	0.5438972162740899	467	77.28479657387581
23.6	0.6277056277056277	231	104.43722943722943
51.2	0.7894736842105263	38	146.60526315789474
46.1	0.78	50	133.84
49.0	0.8181818181818182	33	145.03030303030303
16.4	0.4811320754716981	530	78.54528301886792
24.3	0.6409090909090909	220	97.16363636363636
50.8	0.8787878787878788	33	182.5151515151515
68.8	0.6923076923076923	13	188.3846153846154
38.3	0.6	75	111.13333333333334
52.6	0.7241379310344828	29	157.68965517241378
62.3	0.8	25	201.0
62.7	0.7857142857142857	28	136.17857142857142
59.1	0.7619047619047619	21	158.23809523809524
74.7	0.9	10	146.7
41.7	0.74	50	144.28
68.5	0.7857142857142857	14	164.5
71.4	0.8947368421052632	19	166.1578947368421
84.2	0.75	4	230.0
41.9	0.7936507936507936	63	129.47619047619048
45.3	0.7241379310344828	58	143.58620689655172
66.5	0.8947368421052632	19	170.52631578947367
75.3	0.5	6	143.66666666666666
71.6	0.625	16	164.8125
15.4	0.5050847457627119	590	73.51186440677967
64.0	0.9473684210526315	19	156.89473684210526
51.8	0.6388888888888888	36	150.63888888888889
43.7	0.7368421052631579	57	123.14035087719299
39.2	0.75	96	133.32291666666666
38.7	0.7222222222222222	72	127.25
62.9	1.0	12	278.8333333333333
70.4	0.7647058823529411	17	156.2941176470588
70.1	1.0	17	172.2941176470588
43.0	0.7910447761194029	67	117.94029850746269
22.8	0.5803571428571429	224	94.875
81.2	0.8333333333333334	12	178.75
76.3	0.7692307692307693	13	132.07692307692307
79.3	0.8571428571428571	14	197.78571428571428
15.1	0.544360902255639	665	72.44812030075188
54.7	0.7777777777777778	27	158.77777777777777
80.6	1.0	11	206.0
38.0	0.654320987654321	81	113.46913580246914
58.2	0.7692307692307693	26	179.42307692307693
64.6	0.7272727272727273	11	185.1818181818182
146.6	1.0	1	400.0
42.1	0.6612903225806451	62	133.32258064516128
65.0	0.75	16	133.0625
30.3	0.6381578947368421	152	120.91447368421052
35.0	0.7368421052631579	95	112.0
49.5	0.7777777777777778	45	127.6
55.7	0.875	24	180.625
60.7	0.7777777777777778	36	162.22222222222223
50.2	0.8205128205128205	39	152.76923076923077
54.5	0.8571428571428571	28	177.21428571428572
66.1	0.875	16	164.8125
80.4	0.9090909090909091	11	160.0909090909091
24.5	0.5668202764976958	217	98.26267281105991
45.8	0.6785714285714286	56	137.28571428571428
23.0	0.6068702290076335	262	100.23282442748092
83.6	0.8888888888888888	9	183.44444444444446
61.2	0.8823529411764706	17	175.52941176470588
37.2	0.7283950617283951	81	125.70370370370371
15.2	0.48484848484848486	561	76.59001782531195
55.0	0.8285714285714286	35	186.4857142857143
18.7	0.5606469002695418	371	79.69541778975741
80.1	0.9166666666666666	12	194.75
40.9	0.746031746031746	63	135.20634920634922
66.2	1.0	15	212.26666666666668
28.6	0.5987261146496815	157	111.89808917197452
47.4	0.75	48	129.66666666666666
44.2	0.75	60	135.46666666666667
62.5	0.7777777777777778	18	140.94444444444446
79.8	0.9	10	151.0
93.1	0.6666666666666666	3	178.66666666666666
53.1	0.8064516129032258	31	155.70967741935485
64.3	0.8823529411764706	17	152.94117647058823
51.3	0.75	36	141.86111111111111
45.2	0.8048780487804879	41	118.90243902439025
50.4	0.8372093023255814	43	140.51162790697674
45.4	0.819672131147541	61	143.80327868852459
61.3	0.8421052631578947	19	171.21052631578948
44.7	0.7	60	124.86666666666666
202.5	1.0	1	406.0
33.8	0.6792452830188679	106	122.33962264150944
27.7	0.4857142857142857	140	97.55
33.3	0.6421052631578947	95	113.70526315789473
104.5	1.0	2	235.0
55.8	0.8235294117647058	17	176.8235294117647
25.1	0.6666666666666666	213	113.03286384976526
32.7	0.64	125	110.416
62.2	0.72	25	146.24
56.1	0.75	32	193.09375
28.3	0.5902777777777778	144	104.27083333333333
34.4	0.7551020408163265	98	108.96938775510205
48.6	0.8157894736842105	38	129.68421052631578
46.4	0.8113207547169812	53	164.67924528301887
71.5	1.0	12	165.0
47.0	0.6888888888888889	45	132.55555555555554
39.8	0.6716417910447762	67	123.49253731343283
34.5	0.6896551724137931	87	111.49425287356321
15.6	0.5037735849056604	530	76.27547169811321
36.0	0.7012987012987013	77	134.83116883116884
159.0	1.0	1	420.0
77.3	0.8888888888888888	9	199.66666666666666
24.7	0.6652173913043479	230	105.11304347826086
59.5	0.76	25	144.56
42.3	0.8360655737704918	61	140.8360655737705
86.2	0.8	5	219.8
54.0	0.9	20	157.55
62.0	0.8666666666666667	30	195.7
48.1	0.6428571428571429	42	133.42857142857142
69.2	0.8666666666666667	15	145.2
28.5	0.7142857142857143	182	111.21428571428571
12.4	0.43803680981595094	815	64.63680981595093
53.3	0.8387096774193549	31	155.93548387096774
62.4	0.875	16	177.1875
35.4	0.717948717948718	117	132.6153846153846
61.6	0.8695652173913043	23	137.65217391304347
61.9	0.8571428571428571	21	146.95238095238096
63.6	0.8636363636363636	22	201.86363636363637
56.5	0.8695652173913043	23	141.34782608695653
27.6	0.6407185628742516	167	107.23952095808383
45.6	0.8181818181818182	44	149.70454545454547
69.0	0.9444444444444444	18	154.88888888888889
81.6	1.0	9	203.88888888888889
63.5	0.8235294117647058	34	159.2058823529412
40.7	0.6842105263157895	57	140.49122807017545
55.3	0.9259259259259259	27	189.96296296296296
63.7	0.7916666666666666	24	154.625
64.1	0.75	20	182.45
41.4	0.6956521739130435	69	116.08695652173913
22.2	0.5932835820895522	268	96.98880597014926
54.1	0.76	25	124.8
72.4	0.7647058823529411	17	157.2941176470588
42.8	0.6818181818181818	44	108.36363636363636
49.3	0.7894736842105263	38	168.23684210526315
40.2	0.7647058823529411	68	125.95588235294117
54.2	0.8	25	162.76
65.3	0.6	20	149.4
52.3	0.84375	32	160.21875
16.0	0.5323741007194245	556	77.49820143884892
37.4	0.7415730337078652	89	114.68539325842697
29.3	0.6573426573426573	143	113.67832167832168
42.4	0.734375	64	138.5625
31.5	0.7101449275362319	138	112.22463768115942
18.6	0.5525	400	88.005
36.4	0.7272727272727273	88	107.63636363636364
53.7	0.7631578947368421	38	140.1578947368421
40.1	0.7654320987654321	81	117.79012345679013
80.3	0.9	10	157.6
40.5	0.6666666666666666	72	128.83333333333334
130.3	1.0	2	187.5
22.7	0.5803921568627451	255	92.67058823529412
48.4	0.7777777777777778	45	155.04444444444445
35.5	0.7222222222222222	90	119.4888888888889
68.3	0.8235294117647058	17	174.88235294117646
30.6	0.736	125	121.184
14.7	0.4892205638474295	603	73.49419568822555
38.4	0.7564102564102564	78	133.71794871794873
31.7	0.7166666666666667	120	118.24166666666666
9.6	0.4284655300222387	1349	60.24240177909563
19.6	0.6149584487534626	361	92.49307479224376
68.1	0.631578947368421	19	160.0
46.8	0.813953488372093	43	182.2325581395349
45.1	0.7555555555555555	45	138.35555555555555
38.1	0.717948717948718	78	130.83333333333334
13.0	0.47837150127226463	786	69.75699745547074
36.3	0.7411764705882353	85	127.87058823529412
48.8	0.8095238095238095	42	125.02380952380952
14.6	0.49909255898366606	551	73.36842105263158
17.0	0.5682819383259912	454	81.7533039647577
25.4	0.6544502617801047	191	107.01570680628272
36.8	0.7840909090909091	88	125.9090909090909
26.7	0.6649746192893401	197	101.36548223350253
23.2	0.5473251028806584	243	97.23868312757202
17.7	0.5640449438202247	445	81.79101123595505
52.1	0.8529411764705882	34	140.52941176470588
47.2	0.9210526315789473	38	147.1578947368421
12.5	0.4595238095238095	840	62.68214285714286
47.5	0.7391304347826086	46	144.65217391304347
38.5	0.6973684210526315	76	119.17105263157895
26.3	0.5721925133689839	187	97.36363636363636
44.8	0.6666666666666666	45	135.51111111111112
27.3	0.6052631578947368	152	106.70394736842105
50.5	0.7714285714285715	35	160.02857142857144
51.0	0.8529411764705882	34	157.58823529411765
33.6	0.7387387387387387	111	120.63063063063063
46.3	0.6938775510204082	49	138.6734693877551
27.5	0.6264367816091954	174	116.33333333333333
33.9	0.6698113207547169	106	112.0
127.3	1.0	6	221.83333333333334
65.4	0.8461538461538461	13	172.07692307692307
35.6	0.7294117647058823	85	107.72941176470589
52.7	0.84375	32	169.78125
36.2	0.7671232876712328	73	130.72602739726028
19.8	0.5325077399380805	323	94.26006191950465
35.9	0.6162790697674418	86	115.1046511627907
19.0	0.5212765957446809	376	76.85904255319149
27.0	0.6097560975609756	164	102.82317073170732
60.1	0.84	25	199.64
37.8	0.7333333333333333	75	126.85333333333334
55.6	0.7352941176470589	34	148.3235294117647
76.4	0.9230769230769231	13	171.76923076923077
44.3	0.8888888888888888	54	141.46296296296296
71.1	0.8	5	174.6
41.6	0.7575757575757576	66	135.0909090909091
52.2	0.9375	32	153.4375
95.5	1.0	5	147.2
32.2	0.734375	128	117.609375
43.2	0.6226415094339622	53	125.15094339622641
49.4	0.8125	32	132.9375
33.7	0.7272727272727273	110	121.58181818181818
24.9	0.5983263598326359	239	104.76569037656904
34.9	0.7130434782608696	115	112.79130434782608
55.9	0.75	44	145.5909090909091
22.4	0.5924657534246576	292	96.55479452054794
66.9	0.875	16	162.5
91.9	0.8	10	204.6
67.6	0.8125	16	152.9375
43.6	0.7358490566037735	53	132.66037735849056
29.8	0.6643356643356644	143	113.27272727272727
48.3	0.75	44	142.52272727272728
43.3	0.7833333333333333	60	133.41666666666666
52.4	0.875	24	132.41666666666666
54.3	0.9090909090909091	33	163.3939393939394
21.8	0.5953307392996109	257	92.57976653696498
44.4	0.6545454545454545	55	121.47272727272727
47.7	0.7659574468085106	47	150.91489361702128
22.5	0.6425992779783394	277	102.92418772563177
17.8	0.5654205607476636	428	82.25700934579439
47.6	0.8260869565217391	46	128.7391304347826
16.9	0.5297872340425532	470	79.74255319148936
52.5	0.8064516129032258	31	141.19354838709677
18.5	0.5480093676814989	427	87.12412177985948
25.3	0.5595854922279793	193	103.05699481865285
27.4	0.6704545454545454	176	103.4375
40.8	0.5818181818181818	55	124.74545454545455
43.8	0.7547169811320755	53	134.8490566037736
49.8	0.85	40	160.45
58.5	0.7727272727272727	22	157.77272727272728
23.3	0.5803921568627451	255	101.34901960784313
24.6	0.5806451612903226	217	100.80645161290323
24.2	0.6261261261261262	222	100.05855855855856
50.1	0.8809523809523809	42	149.95238095238096
44.6	0.8333333333333334	48	155.64583333333334
20.9	0.5379939209726444	329	90.76899696048632
41.0	0.7846153846153846	65	127.15384615384616
44.0	0.7777777777777778	63	146.12698412698413
30.5	0.6612903225806451	124	110.86290322580645
37.1	0.7575757575757576	99	123.05050505050505
20.6	0.5594855305466238	311	91.72347266881029
85.2	1.0	6	242.16666666666666
60.6	0.8636363636363636	22	231.77272727272728
40.3	0.7288135593220338	59	125.16949152542372
39.4	0.734375	64	124.890625
40.0	0.7532467532467533	77	130.5064935064935
34.6	0.7444444444444445	90	123.24444444444444
13.5	0.4533898305084746	708	71.00847457627118
28.1	0.6845238095238095	168	105.08928571428571
59.7	0.7777777777777778	27	179.33333333333334
30.7	0.717948717948718	117	109.0
164.9	0.6666666666666666	3	385.3333333333333
74.9	0.9333333333333333	15	185.13333333333333
11.0	0.45013979496738116	1073	60.96085740913327
16.8	0.5490605427974948	479	80.37787056367432
56.8	0.8518518518518519	27	174.62962962962962
25.0	0.6238095238095238	210	98.78571428571429
28.7	0.6416184971098265	173	118.64161849710983
69.6	0.9090909090909091	11	240.8181818181818
53.9	0.7666666666666667	30	144.13333333333333
31.3	0.7105263157894737	114	122.35087719298245
71.9	0.5454545454545454	11	151.45454545454547
46.5	0.6607142857142857	56	135.98214285714286
55.1	0.78125	32	165.9375
21.2	0.59	300	94.43
30.8	0.7575757575757576	132	113.38636363636364
19.9	0.5660377358490566	318	91.4496855345912
17.4	0.5106382978723404	423	79.23167848699764
21.3	0.5684210526315789	285	97.14035087719299
32.4	0.7154471544715447	123	120.15447154471545
17.1	0.5474137931034483	464	81.44827586206897
136.1	1.0	3	307.0
392.3	1.0	1	406.0
365.9	1.0	1	463.0
476.1	1.0	1	722.0
415.1	1.0	1	449.0
280.5	1.0	1	243.0
160.3	1.0	2	165.5
229.8	1.0	1	171.0
99.2	1.0	2	318.0
387.2	1.0	1	385.0
350.5	1.0	1	470.0
201.8	1.0	1	96.0
224.5	1.0	1	166.0
325.2	1.0	1	309.0
131.3	1.0	3	152.0
153.5	1.0	3	310.0
362.0	1.0	1	335.0
380.0	1.0	1	329.0
119.6	1.0	4	210.0
341.5	1.0	1	372.0
333.0	1.0	1	283.0
219.0	1.0	1	131.0
377.6	1.0	1	413.0
376.9	1.0	1	329.0
125.1	1.0	3	180.66666666666666
113.9	1.0	3	164.0
271.8	1.0	1	212.0
305.6	1.0	1	326.0
93.3	1.0	6	251.66666666666666
396.5	1.0	1	432.0
222.0	1.0	1	154.0
82.0	1.0	9	147.33333333333334
406.7	1.0	1	432.0
57.0	0.9285714285714286	28	150.78571428571428
359.9	1.0	1	334.0
203.7	1.0	2	169.5
333.2	1.0	1	347.0
170.3	1.0	1	246.0
107.0	0.6666666666666666	6	256.8333333333333
285.2	1.0	1	189.0
350.3	1.0	1	325.0
84.9	1.0	5	99.4
165.6	1.0	1	118.0
235.6	1.0	1	135.0
219.8	1.0	2	131.5
229.5	1.0	1	177.0
276.4	1.0	1	213.0
92.5	1.0	4	106.25
224.0	1.0	1	150.0
323.2	1.0	1	271.0
242.8	1.0	1	388.0
235.4	1.0	1	170.0
64.5	0.75	16	160.5
289.1	1.0	1	231.0
272.4	1.0	1	216.0
240.2	1.0	3	182.33333333333334
375.6	1.0	1	360.0
179.8	1.0	1	95.0
88.8	0.9090909090909091	11	215.54545454545453
356.3	1.0	1	495.0
430.7	1.0	1	549.0
49.9	0.8	35	130.9142857142857
293.9	1.0	1	189.0
319.7	1.0	1	301.0
400.7	1.0	1	380.0
167.2	1.0	1	146.0
388.4	1.0	1	528.0
328.9	1.0	1	314.0
281.3	1.0	1	216.0
271.3	1.0	1	406.0
188.7	1.0	2	156.0
177.2	1.0	2	187.5
187.2	1.0	1	182.0
314.2	1.0	1	292.0
365.8	1.0	1	383.0
73.3	0.7777777777777778	18	168.33333333333334
339.4	1.0	1	301.0
191.0	1.0	1	113.0
91.7	0.8571428571428571	7	145.42857142857142
82.6	0.8	15	166.4
376.6	1.0	1	355.0
313.0	1.0	1	223.0
419.1	1.0	1	580.0
276.9	1.0	1	268.0
168.1	1.0	1	202.0
430.0	1.0	1	540.0
176.9	1.0	1	111.0
470.5	1.0	1	695.0
260.4	1.0	1	202.0
113.0	1.0	3	139.0
295.9	1.0	1	273.0
111.1	0.6666666666666666	3	171.66666666666666
217.8	1.0	1	173.0
234.4	1.0	1	180.0
313.8	1.0	1	288.0
134.3	1.0	2	161.5
143.4	1.0	3	212.33333333333334
166.8	1.0	1	77.0
237.2	1.0	1	143.0
267.5	1.0	1	278.0
301.0	1.0	1	292.0
458.7	1.0	1	591.0
324.8	1.0	1	393.0
428.5	1.0	1	510.0
283.6	1.0	1	211.0
161.3	1.0	2	149.5
74.3	0.9	10	155.0
100.4	1.0	5	124.2
214.7	1.0	1	136.0
28.0	0.6190476190476191	168	103.89880952380952
441.5	1.0	1	653.0
288.6	1.0	1	220.0
180.5	1.0	1	217.0
65.8	0.9375	16	154.625
289.0	1.0	1	298.0
112.5	0.8333333333333334	6	213.5
82.7	1.0	12	165.41666666666666
101.1	0.8333333333333334	6	156.83333333333334
448.6	1.0	1	613.0
189.5	1.0	2	242.5
182.7	1.0	1	109.0
194.5	1.0	1	157.0
305.3	1.0	1	292.0
325.6	1.0	1	296.0
382.6	1.0	1	406.0
207.0	1.0	1	165.0
44.9	0.85	40	121.75
192.9	1.0	1	155.0
311.7	1.0	1	250.0
98.5	1.0	7	192.42857142857142
84.5	0.9090909090909091	11	182.27272727272728
280.9	1.0	2	238.5
66.4	0.8461538461538461	13	161.76923076923077
339.7	1.0	1	308.0
95.3	0.8333333333333334	6	204.33333333333334
269.5	1.0	1	253.0
285.9	1.0	1	262.0
300.1	1.0	1	267.0
264.3	1.0	1	206.0
240.4	1.0	1	205.0
230.6	1.0	1	134.0
253.9	1.0	1	281.0
272.6	1.0	1	182.0
295.0	1.0	1	276.0
224.3	1.0	1	160.0
34.1	0.7115384615384616	104	105.10576923076923
209.4	1.0	1	508.0
304.7	1.0	1	259.0
253.8	1.0	1	189.0
159.8	1.0	3	311.3333333333333
147.8	1.0	1	124.0
139.8	1.0	1	131.0
162.1	1.0	3	164.66666666666666
106.7	1.0	3	223.0
249.1	1.0	1	163.0
112.4	1.0	3	158.66666666666666
144.5	1.0	4	162.0
308.2	1.0	1	320.0
265.5	1.0	1	279.0
133.6	1.0	1	59.0
157.6	1.0	1	115.0
81.0	0.8571428571428571	14	179.35714285714286
435.1	1.0	1	500.0
236.9	1.0	1	225.0
357.9	1.0	1	324.0
120.1	1.0	2	71.5
243.6	1.0	1	329.0
182.0	1.0	2	120.5
168.7	1.0	2	209.5
120.3	1.0	2	176.0
60.3	0.9130434782608695	23	186.34782608695653
156.8	1.0	4	244.25
195.5	1.0	1	163.0
165.7	1.0	1	520.0
387.3	1.0	1	402.0
107.8	0.6666666666666666	3	144.66666666666666
151.2	1.0	2	233.0
256.5	1.0	1	215.0
310.3	1.0	1	247.0
184.3	1.0	2	136.0
182.8	1.0	1	120.0
228.5	1.0	1	254.0
105.5	1.0	2	247.0
298.0	1.0	1	314.0
64.2	0.875	16	169.125
278.9	1.0	1	200.0
344.3	1.0	1	344.0
360.1	1.0	1	306.0
263.9	1.0	1	255.0
323.6	1.0	1	331.0
311.4	1.0	1	237.0
255.6	1.0	1	206.0
153.0	1.0	3	131.66666666666666
292.3	1.0	1	205.0
288.7	1.0	1	217.0
83.0	1.0	9	176.44444444444446
86.8	1.0	7	162.71428571428572
288.4	1.0	1	343.0
126.4	1.0	2	176.5
227.5	1.0	1	175.0
49.2	0.7428571428571429	35	148.2
340.8	1.0	1	310.0
82.9	0.8571428571428571	7	268.85714285714283
322.8	1.0	1	367.0
185.2	1.0	1	187.0
119.3	1.0	2	140.0
215.7	1.0	1	326.0
60.2	0.782608695652174	23	183.2608695652174
309.4	1.0	1	265.0
317.1	1.0	1	231.0
174.3	1.0	1	106.0
122.7	1.0	2	178.0
293.4	1.0	1	267.0
245.8	1.0	1	205.0
105.3	1.0	6	187.83333333333334
359.2	1.0	1	337.0
198.2	1.0	1	186.0
243.2	1.0	1	238.0
190.6	1.0	1	139.0
185.5	1.0	2	121.5
267.6	1.0	1	222.0
341.1	1.0	1	395.0
298.8	1.0	1	295.0
184.1	1.0	1	123.0
225.6	1.0	1	225.0
304.2	1.0	1	334.0
337.8	1.0	1	307.0
117.7	1.0	5	210.6
77.0	1.0	5	147.2
192.1	1.0	1	95.0
87.7	1.0	6	125.83333333333333
137.4	1.0	2	213.5
267.2	1.0	1	190.0
111.5	1.0	1	86.0
98.6	1.0	8	137.0
169.3	1.0	2	274.0
415.7	1.0	1	452.0
152.5	1.0	5	233.8
285.6	1.0	1	289.0
65.6	0.8333333333333334	12	104.41666666666667
132.2	1.0	2	315.5
313.7	1.0	1	295.0
216.5	1.0	2	161.0
100.0	1.0	4	167.5
159.6	1.0	1	119.0
138.6	1.0	2	184.5
155.1	1.0	3	188.0
321.5	1.0	1	258.0
19.5	0.5933734939759037	332	87.18373493975903
136.8	1.0	2	146.5
48.5	0.8809523809523809	42	170.28571428571428
45.5	0.6470588235294118	68	134.25
189.7	0.3333333333333333	3	334.3333333333333
13.7	0.4529331514324693	733	68.45156889495225
141.7	1.0	2	193.5
52.0	0.8	40	142.55
34.0	0.6972477064220184	109	116.59633027522936
35.7	0.7613636363636364	88	138.47727272727272
60.5	0.85	20	139.75
279.3	1.0	1	254.0
105.7	1.0	8	166.25
358.0	1.0	1	321.0
80.5	0.9285714285714286	14	153.78571428571428
89.9	1.0	7	164.0
238.1	1.0	1	264.0
183.2	1.0	1	158.0
116.3	1.0	1	202.0
29.1	0.6802721088435374	147	108.19047619047619
155.9	1.0	2	150.0
90.7	0.875	8	142.5
226.7	1.0	1	131.0
59.8	0.7307692307692307	26	136.8846153846154
82.4	0.875	8	136.125
163.0	1.0	1	140.0
310.4	1.0	1	260.0
133.7	1.0	2	89.5
106.8	0.8888888888888888	9	152.22222222222223
134.2	1.0	4	199.0
158.8	1.0	1	76.0
22.6	0.5555555555555556	234	102.4957264957265
119.8	0.75	4	204.25
166.1	1.0	1	116.0
215.6	1.0	1	136.0
115.6	1.0	6	188.16666666666666
103.7	0.6	5	122.8
86.0	1.0	5	152.2
162.2	1.0	2	219.5
252.5	1.0	1	153.0
225.5	1.0	1	147.0
219.1	1.0	1	136.0
183.0	1.0	1	167.0
195.7	1.0	1	145.0
138.7	1.0	1	74.0
146.3	1.0	3	127.66666666666667
55.5	0.7241379310344828	29	122.86206896551724
188.6	1.0	1	105.0
296.2	1.0	1	292.0
115.3	0.8333333333333334	6	174.0
193.9	1.0	1	123.0
120.2	1.0	3	164.33333333333334
243.3	1.0	1	158.0
142.0	1.0	2	155.0
125.9	1.0	1	73.0
215.3	1.0	1	136.0
234.1	1.0	1	171.0
158.7	1.0	1	118.0
145.0	1.0	1	113.0
222.7	1.0	1	171.0
118.9	0.6666666666666666	3	135.0
97.0	1.0	12	168.33333333333334
69.9	0.8666666666666667	15	134.53333333333333
66.6	0.8571428571428571	14	209.21428571428572
312.9	1.0	1	211.0
170.0	1.0	1	106.0
73.5	0.8333333333333334	18	135.27777777777777
250.3	1.0	1	210.0
115.5	1.0	4	135.75
124.8	1.0	7	196.28571428571428
158.2	1.0	3	162.66666666666666
121.3	1.0	4	175.0
82.3	0.6666666666666666	12	207.0
56.2	0.8571428571428571	35	128.85714285714286
68.9	0.9285714285714286	14	178.85714285714286
227.6	1.0	1	166.0
218.6	1.0	1	175.0
32.8	0.7033898305084746	118	120.63559322033899
124.6	1.0	3	194.0
157.2	1.0	3	228.66666666666666
81.7	1.0	9	144.0
185.0	1.0	2	138.0
103.2	1.0	1	53.0
183.9	1.0	2	210.0
66.8	0.8235294117647058	17	147.11764705882354
273.0	1.0	1	220.0
151.9	1.0	2	134.0
250.5	1.0	1	195.0
409.7	1.0	1	437.0
104.6	0.75	4	181.75
66.3	0.9090909090909091	11	109.45454545454545
36.6	0.8088235294117647	68	124.20588235294117
156.1	1.0	1	106.0
216.1	1.0	1	169.0
61.5	0.8928571428571429	28	151.21428571428572
170.9	1.0	1	86.0
398.5	1.0	1	466.0
117.3	1.0	2	151.5
112.3	1.0	5	153.4
156.2	1.0	3	240.33333333333334
160.0	1.0	1	88.0
179.6	1.0	2	185.0
75.8	0.8333333333333334	18	150.44444444444446
255.5	1.0	1	178.0
76.9	0.75	4	141.5
93.7	1.0	5	156.8
117.5	1.0	1	267.0
187.9	1.0	1	226.0
62.8	0.7368421052631579	19	142.3684210526316
231.9	1.0	1	190.0
228.6	1.0	1	178.0
183.5	1.0	1	117.0
104.1	1.0	3	120.0
144.6	1.0	6	239.83333333333334
189.3	1.0	4	272.25
120.6	1.0	5	177.8
111.7	1.0	4	138.5
101.2	1.0	6	210.66666666666666
186.1	1.0	1	101.0
113.8	1.0	2	124.5
27.2	0.653179190751445	173	98.57225433526011
153.9	1.0	3	179.33333333333334
28.9	0.6948051948051948	154	107.56493506493507
152.8	1.0	2	180.0
248.3	1.0	1	184.0
206.2	1.0	1	124.0
104.8	1.0	2	130.0
316.7	1.0	1	245.0
96.3	1.0	9	163.11111111111111
329.9	1.0	1	278.0
178.7	1.0	1	121.0
98.2	1.0	7	128.71428571428572
264.5	1.0	1	241.0
120.4	1.0	7	173.0
240.0	1.0	2	186.5
244.2	1.0	1	159.0
104.3	1.0	5	132.8
231.0	1.0	1	152.0
195.6	1.0	1	92.0
87.5	0.8571428571428571	7	149.42857142857142
342.8	1.0	1	300.0
94.2	0.8333333333333334	6	164.5
199.9	1.0	1	142.0
204.1	1.0	1	112.0
46.6	0.7872340425531915	47	138.27659574468086
99.3	1.0	6	154.66666666666666
168.8	1.0	1	114.0
212.4	1.0	1	138.0
80.7	0.8571428571428571	14	154.71428571428572
242.2	1.0	2	176.5
67.9	0.8666666666666667	15	156.13333333333333
88.2	1.0	4	143.75
216.4	1.0	1	175.0
99.8	1.0	7	223.42857142857142
103.1	1.0	4	158.5
54.4	0.6451612903225806	31	126.09677419354838
100.9	1.0	3	96.66666666666667
118.2	1.0	4	192.25
109.9	0.75	4	162.25
201.0	1.0	1	150.0
68.4	0.8333333333333334	18	152.94444444444446
175.5	1.0	2	308.0
247.9	1.0	1	147.0
181.7	1.0	1	104.0
232.4	1.0	1	168.0
196.1	1.0	1	109.0
116.5	1.0	6	119.5
273.1	1.0	1	179.0
23.8	0.6339285714285714	224	101.83482142857143
108.1	1.0	5	144.8
231.6	1.0	1	187.0
116.1	1.0	7	193.14285714285714
115.4	1.0	4	164.0
155.5	1.0	2	377.0
213.6	1.0	1	133.0
40.4	0.7464788732394366	71	150.33802816901408
304.1	1.0	1	331.0
213.3	1.0	1	138.0
268.6	1.0	1	202.0
268.4	1.0	1	227.0
198.8	1.0	1	163.0
61.4	0.8	20	156.05
101.3	1.0	3	184.33333333333334
101.8	0.875	8	176.625
179.5	1.0	1	117.0
180.6	1.0	1	128.0
90.4	1.0	7	142.71428571428572
149.9	1.0	1	84.0
238.5	1.0	1	205.0
190.2	1.0	1	113.0
171.0	1.0	2	206.5
23.5	0.6088888888888889	225	105.88
91.5	1.0	8	196.875
68.2	0.6428571428571429	14	133.5
258.0	1.0	1	180.0
77.7	0.9230769230769231	13	147.84615384615384
233.0	1.0	1	153.0
220.8	1.0	1	135.0
59.0	0.8461538461538461	26	153.15384615384616
149.2	0.75	4	228.5
41.5	0.819672131147541	61	131.62295081967213
169.1	1.0	1	102.0
150.4	1.0	2	242.5
106.4	1.0	8	170.625
112.1	1.0	6	159.16666666666666
459.9	1.0	1	603.0
89.2	1.0	8	132.875
279.7	1.0	1	210.0
159.3	1.0	1	133.0
136.6	0.6666666666666666	3	310.0
170.7	1.0	1	143.0
168.2	1.0	1	128.0
72.3	0.6666666666666666	9	131.22222222222223
218.8	1.0	1	160.0
41.2	0.8148148148148148	54	131.0185185185185
181.0	1.0	1	124.0
228.2	1.0	1	136.0
191.9	1.0	1	104.0
198.7	1.0	2	230.0
153.3	1.0	1	87.0
204.0	1.0	1	140.0
127.2	1.0	5	187.4
133.3	1.0	3	256.0
136.3	1.0	1	108.0
26.9	0.6037735849056604	159	108.81132075471699
112.9	0.5	4	182.0
247.5	1.0	1	180.0
137.6	1.0	3	185.0
56.6	0.8148148148148148	27	106.55555555555556
286.4	1.0	1	212.0
129.4	1.0	1	63.0
456.9	1.0	1	560.0
211.2	1.0	1	135.0
264.7	1.0	1	200.0
241.0	1.0	1	167.0
140.5	1.0	1	73.0
209.6	1.0	1	171.0
224.4	1.0	1	151.0
297.6	1.0	1	244.0
130.7	1.0	3	234.66666666666666
76.6	0.7058823529411765	17	120.05882352941177
47.9	0.7586206896551724	29	155.41379310344828
116.8	0.5	2	208.5
70.6	1.0	8	144.25
232.8	1.0	1	161.0
221.6	1.0	1	199.0
229.7	1.0	1	152.0
195.9	1.0	2	234.5
93.6	1.0	2	114.5
48.2	0.8541666666666666	48	162.08333333333334
388.0	1.0	1	400.0
12.7	0.4718397997496871	799	65.24280350438048
204.9	0.5	2	358.0
196.7	1.0	1	123.0
271.6	1.0	1	219.0
158.4	1.0	2	400.0
77.8	0.9090909090909091	11	137.9090909090909
297.9	1.0	1	207.0
349.2	1.0	1	316.0
123.9	0.5	2	165.5
166.9	1.0	3	396.0
137.5	1.0	3	175.33333333333334
356.2	1.0	1	403.0
292.9	1.0	1	245.0
226.5	1.0	1	198.0
141.2	1.0	3	208.0
145.4	1.0	2	177.0
135.3	1.0	2	174.5
312.7	1.0	1	244.0
85.4	1.0	10	146.2
247.4	1.0	1	216.0
69.5	0.9375	16	197.875
208.7	1.0	1	127.0
161.7	1.0	1	170.0
170.6	1.0	1	97.0
71.3	0.8181818181818182	11	153.72727272727272
237.8	1.0	1	172.0
269.7	1.0	1	176.0
154.1	1.0	1	115.0
83.8	0.6666666666666666	9	118.22222222222223
154.5	1.0	1	90.0
101.9	1.0	2	111.0
171.5	1.0	1	93.0
22.0	0.6179775280898876	267	97.31460674157303
42.6	0.8032786885245902	61	145.63934426229508
43.5	0.8	55	116.74545454545455
34.2	0.7551020408163265	98	118.11224489795919
176.0	1.0	1	153.0
101.5	1.0	4	154.0
124.5	1.0	6	210.0
65.2	0.85	20	154.4
38.9	0.6774193548387096	62	113.0
83.3	0.8888888888888888	9	124.66666666666667
33.1	0.676923076923077	130	109.25384615384615
140.8	1.0	2	273.0
29.4	0.6737588652482269	141	105.76595744680851
106.2	1.0	7	148.28571428571428
128.2	1.0	3	152.66666666666666
35.3	0.7093023255813954	86	107.51162790697674
216.7	1.0	1	146.0
244.8	1.0	1	245.0
119.2	1.0	2	169.5
144.3	1.0	8	271.5
89.1	0.7777777777777778	9	138.11111111111111
63.4	0.9230769230769231	13	121.23076923076923
187.1	1.0	1	120.0
200.9	1.0	1	121.0
76.0	0.6666666666666666	12	139.08333333333334
114.2	1.0	1	66.0
153.2	1.0	1	147.0
111.0	1.0	3	105.33333333333333
39.0	0.8059701492537313	67	130.97014925373134
68.6	0.8888888888888888	18	204.66666666666666
49.6	0.8717948717948718	39	130.7948717948718
53.4	0.625	32	130.5
87.6	1.0	7	167.42857142857142
108.8	1.0	6	163.0
124.7	1.0	3	173.66666666666666
81.3	1.0	7	163.28571428571428
69.8	0.9	10	140.7
26.0	0.634020618556701	194	108.9278350515464
72.5	0.8666666666666667	15	116.66666666666667
151.0	1.0	1	115.0
29.5	0.6973684210526315	152	110.53947368421052
98.8	1.0	5	226.4
36.1	0.7023809523809523	84	108.1547619047619
42.5	0.7538461538461538	65	130.96923076923076
63.9	0.9090909090909091	11	174.63636363636363
105.2	1.0	3	157.33333333333334
126.9	0.6666666666666666	3	173.66666666666666
85.0	0.9090909090909091	11	150.0
67.0	0.8181818181818182	11	154.8181818181818
34.8	0.7142857142857143	98	127.57142857142857
51.5	0.7948717948717948	39	151.48717948717947
77.9	0.8461538461538461	13	139.53846153846155
68.7	1.0	9	180.88888888888889
43.9	0.7241379310344828	58	132.3448275862069
81.5	1.0	15	145.13333333333333
98.4	1.0	1	58.0
97.3	1.0	3	111.33333333333333
89.8	0.7142857142857143	7	157.57142857142858
87.9	0.8888888888888888	9	187.77777777777777
82.8	0.8571428571428571	7	143.42857142857142
39.1	0.7361111111111112	72	126.08333333333333
51.6	0.71875	32	145.15625
39.7	0.6857142857142857	70	118.34285714285714
59.4	0.72	25	128.48
36.9	0.7162162162162162	74	117.04054054054055
61.7	0.875	16	130.9375
114.6	1.0	1	265.0
130.6	1.0	2	219.0
92.2	1.0	4	264.5
99.0	0.8571428571428571	7	233.71428571428572
110.1	1.0	1	220.0
53.6	0.7941176470588235	34	143.0
62.6	0.9375	16	166.8125
123.2	1.0	2	195.0
107.4	0.8	5	226.2
119.7	1.0	5	208.6
127.1	1.0	4	267.25
55.2	0.8571428571428571	35	143.5142857142857
96.1	1.0	5	170.4
128.1	1.0	5	197.0
129.2	1.0	3	226.66666666666666
123.5	1.0	4	202.75
70.7	0.6	10	133.9
105.1	1.0	3	167.0
121.1	1.0	3	222.66666666666666
91.2	0.8888888888888888	9	143.77777777777777
86.6	0.75	8	141.25
101.0	0.9	10	172.5
91.8	0.8888888888888888	9	186.88888888888889
115.0	1.0	2	179.0
69.1	0.7222222222222222	18	142.33333333333334
88.5	0.9090909090909091	11	204.63636363636363
99.9	1.0	7	148.14285714285714
83.4	0.8	10	145.8
109.0	1.0	4	216.0
129.8	1.0	1	245.0
122.8	1.0	2	262.0
110.2	1.0	5	194.8
96.6	0.8	5	124.2
67.5	0.7692307692307693	13	154.76923076923077
107.3	1.0	4	242.75
126.0	1.0	1	270.0
115.1	1.0	2	239.5
78.7	1.0	6	232.66666666666666
107.2	1.0	4	212.25
130.0	1.0	1	311.0
89.7	1.0	6	148.33333333333334
54.9	0.7941176470588235	34	185.26470588235293
130.2	1.0	3	285.0
135.2	1.0	1	320.0
99.6	1.0	6	173.33333333333334
110.0	1.0	2	196.5
143.2	1.0	3	330.3333333333333
79.1	1.0	9	163.88888888888889
83.7	1.0	9	194.11111111111111
110.4	1.0	3	193.66666666666666
97.7	0.75	4	158.0
87.2	0.75	12	166.5
136.7	1.0	3	302.3333333333333
131.4	1.0	2	238.5
71.2	0.75	12	150.08333333333334
100.2	0.8571428571428571	7	181.28571428571428
109.3	0.5	2	226.0
64.7	0.8823529411764706	17	156.8235294117647
128.7	1.0	3	274.6666666666667
81.9	0.8571428571428571	14	161.07142857142858
108.6	0.6666666666666666	3	175.66666666666666
90.0	0.9	10	174.1
107.7	0.8333333333333334	6	191.83333333333334
86.5	0.9	10	150.0
81.1	1.0	5	140.6
108.2	1.0	4	165.5
82.5	0.9411764705882353	17	220.76470588235293
196.8	1.0	1	355.0
61.0	0.85	20	162.95
58.4	0.8823529411764706	17	155.0
103.3	0.8	10	228.0
57.9	0.9090909090909091	22	162.72727272727272
130.5	1.0	5	259.0
118.1	1.0	1	226.0
78.8	0.8333333333333334	12	164.75
67.2	0.8235294117647058	17	187.23529411764707
153.1	1.0	1	354.0
48.9	0.8611111111111112	36	154.77777777777777
97.4	1.0	2	169.0
73.2	0.5833333333333334	12	143.91666666666666
60.0	0.75	28	153.85714285714286
109.8	1.0	4	202.0
117.4	1.0	5	177.0
65.9	0.8823529411764706	17	162.05882352941177
85.5	1.0	7	145.42857142857142
113.2	1.0	5	197.0
92.6	1.0	7	218.42857142857142
106.3	0.8	5	179.0
108.0	1.0	5	176.0
94.5	0.8	5	219.8
117.8	1.0	2	176.5
77.1	1.0	7	197.42857142857142
68.0	0.9047619047619048	21	123.71428571428571
103.8	1.0	4	216.5
75.1	0.8	15	168.0
104.2	1.0	5	169.6
89.5	0.875	8	182.125
122.5	1.0	2	208.0
72.2	1.0	10	128.4
86.4	0.9	10	168.6
92.7	1.0	5	158.2
106.1	1.0	2	180.5
110.5	1.0	2	199.0
85.8	0.7777777777777778	9	157.44444444444446
98.7	1.0	3	193.33333333333334
122.2	1.0	3	236.0
37.9	0.7361111111111112	72	119.25
74.5	0.8	10	129.7
100.1	1.0	7	169.71428571428572
132.8	1.0	3	273.6666666666667
64.4	0.7368421052631579	19	151.21052631578948
126.3	1.0	2	277.5
110.6	1.0	4	204.5
78.2	0.8	10	213.3
56.0	0.8064516129032258	31	166.1290322580645
110.9	1.0	6	179.0
94.6	0.6666666666666666	6	217.33333333333334
114.0	0.0	1	195.0
78.6	1.0	7	192.0
75.0	0.8	15	144.13333333333333
58.9	0.875	24	156.16666666666666
110.3	0.8	5	187.4
43.4	0.8571428571428571	56	141.875
63.1	0.8	20	158.3
87.4	0.7272727272727273	11	234.8181818181818
75.9	0.7857142857142857	14	117.64285714285714
77.2	0.875	16	123.875
79.9	1.0	5	189.2
49.7	0.8108108108108109	37	136.13513513513513
84.6	0.9166666666666666	12	185.08333333333334
78.1	0.7692307692307693	13	179.3846153846154
132.0	1.0	3	252.0
114.9	1.0	3	186.0
83.1	1.0	3	99.0
63.0	0.7083333333333334	24	164.41666666666666
95.6	1.0	3	173.33333333333334
73.4	0.8181818181818182	11	167.36363636363637
117.6	1.0	2	237.0
72.0	0.8947368421052632	19	171.10526315789474
97.8	1.0	2	168.5
42.0	0.7222222222222222	54	132.05555555555554
63.8	0.7142857142857143	21	155.61904761904762
66.0	0.9411764705882353	17	177.64705882352942
58.3	0.8076923076923077	26	166.0
79.5	1.0	4	112.25
72.9	0.7777777777777778	9	123.44444444444444
28.2	0.5789473684210527	152	98.48026315789474
52.8	0.7714285714285715	35	174.71428571428572
88.7	0.9	10	183.4
78.3	1.0	13	193.76923076923077
95.7	1.0	5	191.6
105.4	1.0	3	193.0
19.2	0.5721925133689839	374	89.14171122994652
76.7	1.0	10	147.4
86.7	0.875	8	135.75
38.2	0.7848101265822784	79	138.83544303797467
70.8	0.6666666666666666	12	138.5
71.7	0.9230769230769231	13	147.46153846153845
84.1	1.0	13	233.23076923076923
51.1	0.9090909090909091	33	140.54545454545453
96.8	1.0	7	179.14285714285714
75.2	0.9	10	137.3
56.4	0.7894736842105263	19	149.10526315789474
97.2	1.0	5	172.4
91.0	1.0	3	139.0
90.8	0.5	6	203.33333333333334
139.7	1.0	1	341.0
102.9	1.0	4	159.5
56.7	0.8695652173913043	23	157.1304347826087
71.0	0.9333333333333333	15	152.0
92.0	1.0	7	190.42857142857142
51.7	0.7878787878787878	33	125.36363636363636
138.2	1.0	3	297.6666666666667
78.9	0.875	16	180.5
90.6	1.0	5	139.6
65.7	0.8125	16	167.375
94.1	1.0	5	159.4
107.5	0.875	8	199.25
91.3	0.6666666666666666	6	142.16666666666666
105.8	1.0	3	227.66666666666666
89.3	1.0	9	162.66666666666666
77.5	0.8333333333333334	6	163.0
79.7	0.75	16	154.4375
39.9	0.7592592592592593	54	139.09259259259258
57.2	0.6666666666666666	30	130.93333333333334
57.1	0.7096774193548387	31	178.0
113.6	0.6	5	193.4
139.4	1.0	4	301.75
97.5	1.0	3	244.33333333333334
32.0	0.6869565217391305	115	107.82608695652173
82.1	1.0	8	252.75
151.5	1.0	1	415.0
59.2	0.9259259259259259	27	210.59259259259258
96.7	1.0	8	159.875
201.6	1.0	1	399.0
106.9	1.0	4	196.75
164.5	1.0	1	427.0
46.7	0.8301886792452831	53	152.1509433962264
65.5	1.0	10	289.6
54.6	0.7241379310344828	29	155.24137931034483
71.8	1.0	16	200.875
162.6	0.5	2	319.5
123.4	1.0	2	218.0
82.2	1.0	7	156.28571428571428
172.3	1.0	1	428.0
220.7	1.0	1	717.0
95.4	1.0	1	357.0
85.1	0.8888888888888888	9	156.55555555555554
103.0	0.6666666666666666	3	252.66666666666666
145.2	1.0	2	300.5
79.2	1.0	6	173.16666666666666
95.0	1.0	3	209.33333333333334
200.0	1.0	2	374.5
104.4	1.0	5	163.4
155.7	1.0	3	300.3333333333333
129.5	1.0	3	224.66666666666666
128.3	1.0	5	218.2
163.5	1.0	1	336.0
59.3	0.875	24	200.95833333333334
112.6	1.0	2	216.0
49.1	0.7	40	136.175
97.9	1.0	5	250.2
103.9	0.75	4	138.25
121.6	1.0	4	204.0
98.9	0.5	2	104.0
72.7	0.9230769230769231	13	177.6153846153846
72.6	0.9090909090909091	11	166.0909090909091
29.6	0.5304347826086957	115	93.75652173913043
102.7	1.0	3	216.0
100.3	1.0	6	168.33333333333334
93.8	0.7142857142857143	7	149.42857142857142
88.9	1.0	9	163.66666666666666
69.3	0.8571428571428571	14	151.92857142857142
88.1	0.75	4	172.0
90.3	0.8888888888888888	9	163.44444444444446
90.5	0.8571428571428571	7	188.0
85.7	0.8333333333333334	6	159.83333333333334
69.4	0.9090909090909091	22	155.45454545454547
57.6	0.7407407407407407	27	166.88888888888889
76.1	0.9285714285714286	14	186.28571428571428
70.5	0.7777777777777778	9	167.88888888888889
73.7	0.75	12	174.58333333333334
94.3	1.0	7	248.0
60.4	0.8125	16	144.0625
99.7	0.75	4	232.5
74.4	0.8095238095238095	21	144.95238095238096
86.3	1.0	5	232.8
149.5	1.0	1	325.0
72.8	0.5714285714285714	7	156.14285714285714
74.6	1.0	10	189.6
67.8	0.9166666666666666	12	186.25
73.8	0.8461538461538461	13	156.84615384615384
45.7	0.8148148148148148	54	149.66666666666666
79.4	0.875	8	187.625
123.6	1.0	4	254.75
70.2	0.8333333333333334	12	133.16666666666666
154.8	1.0	1	315.0
57.8	0.782608695652174	23	153.56521739130434
47.3	0.8333333333333334	48	168.125
140.6	0.6666666666666666	3	342.0
119.9	0.6666666666666666	3	221.0
60.8	0.7727272727272727	22	157.5
91.4	0.5714285714285714	7	145.57142857142858
79.0	0.9090909090909091	11	170.9090909090909
131.8	0.8333333333333334	6	230.66666666666666
105.9	0.75	4	133.75
76.5	0.8	5	172.2
63.2	0.8421052631578947	19	172.94736842105263
66.7	0.7368421052631579	19	146.57894736842104
163.2	1.0	1	253.0
109.4	0.5	2	194.0
112.2	0.3333333333333333	3	189.66666666666666
132.9	1.0	4	269.25
54.8	0.8055555555555556	36	124.22222222222223
135.5	1.0	2	213.5
87.1	0.75	8	146.625
179.2	1.0	2	341.5
98.3	1.0	5	234.2
121.0	1.0	5	225.2
148.9	1.0	1	273.0
131.5	1.0	2	260.5
182.3	1.0	1	265.0
119.0	1.0	2	222.0
135.9	1.0	2	210.0
124.3	1.0	2	174.5
169.4	1.0	2	330.5
92.8	1.0	5	175.0
135.6	1.0	1	245.0
112.7	1.0	1	184.0
73.1	0.8666666666666667	15	149.4
129.9	1.0	2	172.0
89.6	1.0	8	135.25
124.4	1.0	3	212.0
169.5	1.0	1	283.0
138.9	1.0	1	311.0
109.5	1.0	3	206.33333333333334
77.4	0.6666666666666666	6	139.83333333333334
76.8	0.7142857142857143	7	204.14285714285714
91.1	0.9	10	168.5
189.6	1.0	1	284.0
147.7	1.0	1	288.0
125.6	1.0	4	197.0
126.6	1.0	1	189.0
88.0	1.0	9	127.0
102.6	1.0	4	165.25
111.2	1.0	2	172.0
116.0	1.0	1	173.0
114.7	1.0	3	249.33333333333334
78.0	0.8571428571428571	7	139.14285714285714
83.2	0.875	8	176.75
122.9	1.0	2	257.5
96.9	0.6666666666666666	3	226.33333333333334
74.0	0.6666666666666666	9	209.55555555555554
81.4	0.9	10	133.9
84.3	0.875	8	200.5
90.1	1.0	2	164.5
185.6	1.0	1	327.0
96.2	1.0	4	175.75
89.0	0.8	10	175.2
103.5	1.0	6	192.66666666666666
96.5	0.8	5	128.6
141.3	1.0	2	243.5
100.7	1.0	8	156.5
143.6	1.0	2	255.0
199.2	1.0	1	346.0
152.2	1.0	1	343.0
127.6	0.75	4	207.25
94.8	1.0	6	172.5
159.7	1.0	1	316.0
136.0	1.0	1	293.0
180.4	1.0	1	295.0
123.3	1.0	3	238.66666666666666
122.6	1.0	2	207.5
148.0	1.0	2	354.5
83.5	0.7142857142857143	7	181.71428571428572
85.9	0.7142857142857143	14	156.28571428571428
169.9	1.0	1	269.0
105.6	1.0	4	257.5
61.8	0.6875	16	166.875
102.2	0.8333333333333334	6	211.16666666666666
104.9	1.0	6	202.0
80.0	1.0	7	138.42857142857142
118.8	1.0	2	187.5
102.5	1.0	3	243.66666666666666
100.5	1.0	4	198.25
81.8	1.0	9	132.33333333333334
84.0	1.0	10	179.4
92.3	0.7142857142857143	7	167.42857142857142
108.7	1.0	4	199.25
88.4	1.0	9	153.55555555555554
128.8	1.0	2	151.5
183.1	1.0	2	283.0
99.1	1.0	3	190.66666666666666
122.3	1.0	3	220.66666666666666
145.5	1.0	2	218.0
93.0	0.8	5	165.2
97.1	0.8	5	146.6
90.2	1.0	4	150.0
99.4	0.4	5	145.2
93.2	0.8333333333333334	6	174.5
157.7	1.0	1	196.0
113.5	0.75	4	181.0
109.1	1.0	2	149.0
120.9	1.0	4	198.5
93.4	0.8333333333333334	6	121.83333333333333
134.9	1.0	1	146.0
174.9	1.0	2	331.0
115.8	1.0	2	197.5
139.5	1.0	3	341.0
93.5	1.0	1	134.0
108.5	0.6666666666666666	3	175.66666666666666
107.6	1.0	2	164.0
144.9	1.0	2	170.0
115.7	1.0	3	199.0
101.7	1.0	3	191.66666666666666
99.5	1.0	3	162.33333333333334
118.5	1.0	1	345.0
170.8	1.0	2	301.5
136.9	1.0	2	230.0
147.3	1.0	2	335.5
206.8	1.0	1	408.0
107.1	1.0	3	237.33333333333334
131.6	1.0	1	304.0
132.3	1.0	1	235.0
168.0	1.0	1	392.0
143.9	1.0	2	246.5
120.8	1.0	3	231.0
186.2	1.0	1	283.0
151.1	1.0	2	278.0
124.0	1.0	2	207.5
159.4	1.0	2	263.0
133.1	1.0	4	313.5
188.3	0.0	1	349.0
141.8	1.0	2	304.5
120.5	1.0	4	249.0
120.7	1.0	1	223.0
102.1	1.0	2	179.5
150.7	1.0	2	270.0
119.1	1.0	1	245.0
161.4	1.0	2	230.5
109.6	1.0	2	171.5
136.5	1.0	2	280.5
79.6	0.7142857142857143	7	117.28571428571429
127.4	1.0	1	250.0
175.4	1.0	1	257.0
139.1	1.0	2	453.5
135.4	1.0	1	293.0
145.1	1.0	1	316.0
84.7	1.0	4	164.5
160.7	1.0	1	191.0
127.0	1.0	3	179.66666666666666
132.5	1.0	2	193.5
195.3	1.0	1	391.0
149.3	1.0	3	339.3333333333333
83.9	0.6666666666666666	6	145.66666666666666
125.7	0.5	2	225.5
87.3	0.8	5	165.6
161.9	1.0	1	392.0
98.1	1.0	8	204.25
130.1	1.0	3	217.66666666666666
201.2	1.0	1	376.0
104.0	0.5	2	277.5
157.4	1.0	2	293.5
129.1	1.0	7	272.42857142857144
97.6	0.75	4	151.25
163.7	1.0	2	367.0
147.9	1.0	1	422.0
106.6	1.0	3	244.66666666666666
129.6	1.0	2	249.0
80.8	0.8	5	135.0
129.3	1.0	1	226.0
108.9	0.75	4	188.75
110.7	0.8333333333333334	6	149.16666666666666
104.7	0.6666666666666666	3	130.0
118.3	1.0	2	206.5
115.2	1.0	2	225.5
171.9	1.0	1	254.0
129.7	1.0	1	232.0
114.1	1.0	2	207.5
114.4	1.0	3	181.33333333333334
141.0	1.0	1	367.0
137.1	1.0	2	255.0
85.3	1.0	10	130.4
110.8	1.0	2	178.0
116.6	1.0	4	172.0
106.5	1.0	4	175.75
111.6	1.0	3	164.33333333333334
132.4	1.0	1	258.0
103.6	1.0	3	187.66666666666666
122.1	1.0	1	272.0
113.4	1.0	4	195.5
93.9	0.5	4	166.25
116.9	1.0	3	176.33333333333334
126.5	1.0	3	214.66666666666666
116.4	1.0	4	201.0
130.4	1.0	2	228.5
111.3	1.0	6	174.33333333333334
140.4	1.0	1	319.0
106.0	1.0	4	188.0
118.6	0.5	2	234.0
95.8	1.0	3	175.33333333333334
149.8	1.0	1	404.0
152.1	1.0	1	407.0
112.0	1.0	2	123.0
102.8	0.75	4	151.75
129.0	1.0	2	230.5
107.9	1.0	3	154.66666666666666
126.7	1.0	2	299.0
148.3	1.0	1	224.0
114.3	0.5	2	153.0
95.1	0.75	4	141.75
116.2	1.0	1	219.0
203.3	1.0	1	387.0
165.2	1.0	1	407.0
131.9	1.0	1	296.0
131.0	1.0	2	222.0
105.0	1.0	4	145.75
172.2	1.0	1	398.0
196.2	1.0	1	356.0
156.5	1.0	1	373.0
87.0	1.0	6	160.5
147.6	1.0	1	608.0
206.3	0.0	1	561.0
90.9	1.0	4	138.25
209.1	1.0	1	434.0
163.1	1.0	2	332.5
94.4	1.0	2	241.0
155.6	1.0	1	196.0
125.2	1.0	1	184.0
140.1	1.0	2	270.0
142.3	1.0	3	317.0
150.0	1.0	2	300.0
190.4	1.0	1	489.0
116.7	1.0	2	288.0
117.1	1.0	1	375.0
150.6	1.0	1	578.0
143.5	1.0	1	580.0
146.1	1.0	1	593.0
132.6	1.0	3	328.0
119.5	1.0	2	310.0
145.7	1.0	2	442.5
95.2	1.0	2	219.5
94.7	1.0	6	155.16666666666666
133.4	1.0	1	445.0
92.9	1.0	5	176.6
164.2	1.0	1	474.0
146.0	1.0	1	321.0
192.3	1.0	1	344.0
102.0	0.8333333333333334	6	181.33333333333334
156.0	1.0	1	378.0
126.1	1.0	2	251.5
141.1	1.0	1	322.0
163.3	1.0	1	383.0
190.9	1.0	1	580.0
156.6	1.0	1	318.0
211.9	1.0	1	569.0
115.9	1.0	3	153.0
157.9	1.0	1	230.0
128.0	1.0	4	210.25
194.8	1.0	1	349.0
127.5	1.0	2	172.5
153.7	1.0	1	199.0
122.0	1.0	2	219.0
173.0	1.0	2	342.0
94.0	1.0	7	154.28571428571428
111.4	1.0	4	167.5
124.1	1.0	1	233.0
86.1	0.6666666666666666	3	156.66666666666666
117.2	1.0	3	160.33333333333334
158.1	1.0	2	272.5
126.2	1.0	2	226.5
150.1	0.5	2	178.0
152.7	1.0	1	246.0
123.7	1.0	2	169.0
125.3	1.0	2	148.5
142.9	1.0	1	181.0
144.8	0.0	1	220.0
167.4	1.0	2	243.0
154.4	0.5	2	222.5
150.8	1.0	1	177.0
168.6	1.0	1	213.0
160.4	1.0	2	302.5
140.3	1.0	1	185.0
178.4	1.0	1	254.0
160.6	1.0	1	285.0
165.4	1.0	1	251.0
108.3	1.0	1	89.0
127.8	1.0	1	207.0
167.0	1.0	1	256.0
119.4	1.0	2	185.0
168.3	1.0	1	222.0
169.6	1.0	1	237.0
154.6	1.0	1	219.0
121.9	1.0	2	156.5
149.6	1.0	1	230.0
124.9	1.0	3	198.66666666666666
152.0	1.0	1	199.0
142.6	1.0	2	208.0
174.8	0.5	2	368.0
164.1	1.0	1	220.0
164.7	1.0	1	249.0
118.0	1.0	2	119.0
139.6	1.0	1	161.0
142.5	1.0	2	214.5
137.9	0.0	1	247.0
112.8	1.0	2	155.5
114.8	0.3333333333333333	3	144.66666666666666
138.5	1.0	1	161.0
211.8	1.0	1	423.0
101.6	1.0	2	128.5
207.9	1.0	1	425.0
137.8	1.0	1	168.0
121.4	1.0	3	184.66666666666666
144.2	1.0	1	185.0
177.8	1.0	1	303.0
166.4	1.0	1	226.0
96.0	1.0	2	176.5
163.4	1.0	1	277.0
155.2	1.0	1	207.0
166.0	1.0	1	363.0
137.0	1.0	1	277.0
114.5	1.0	2	176.5
145.9	1.0	2	264.5
135.0	1.0	1	274.0
111.8	1.0	4	175.25
131.7	1.0	2	279.0
100.6	1.0	2	165.0
167.5	1.0	1	434.0
117.9	1.0	1	204.0
162.8	1.0	1	415.0
102.4	1.0	1	153.0
134.1	1.0	3	282.3333333333333
123.8	1.0	1	187.0
80.2	0.75	4	137.0
125.8	1.0	1	175.0
146.8	1.0	2	320.0
102.3	1.0	1	222.0
163.9	1.0	1	320.0
118.7	1.0	2	191.5
147.0	1.0	1	386.0
172.7	1.0	1	367.0
172.6	1.0	1	372.0
140.0	1.0	1	249.0
200.5	1.0	1	539.0
211.6	1.0	1	628.0
150.3	1.0	1	320.0
193.5	1.0	1	549.0
199.5	1.0	1	484.0
187.0	1.0	2	478.5
142.4	1.0	1	338.0
142.8	1.0	1	271.0
140.2	1.0	2	287.5
184.8	1.0	1	484.0
151.7	1.0	1	355.0
138.3	1.0	1	249.0
180.2	1.0	1	428.0
194.2	1.0	1	528.0
135.1	1.0	1	268.0
137.7	1.0	1	243.0
117.0	1.0	2	197.5
178.6	1.0	1	427.0
147.2	1.0	1	279.0
125.0	1.0	1	188.0
101.4	1.0	2	167.5
113.7	1.0	1	270.0
108.4	1.0	3	144.0
134.7	1.0	1	280.0
131.1	1.0	1	303.0
128.6	1.0	1	242.0
