p	linkRatio	samplenum
0.0	0.0017855400863806706	11583610	0.36462035583034996
2.0	0.04000150806816468	132620	8.415638666867743
0.5	0.011166420440822677	1912878	2.4465371027321137
3.6	0.08845559972403824	121756	13.972773415683827
5.2	0.14443258626823194	36543	18.257586952357496
10.9	0.26535480023852115	6708	33.8231961836613
11.3	0.2612673343605547	10384	36.76040061633282
3.7	0.14713051185464215	27078	14.619432749833813
5.1	0.11570963259913901	43903	18.96672209188438
55.0	0.8333333333333334	126	146.13492063492063
15.4	0.3596048298572997	4555	49.29242590559824
3.1	0.07995960417169497	157442	12.300777429148512
2.6	0.07178394112364654	193762	10.686342007204715
1.5	0.03276677919129679	339185	6.537827439303035
2.1	0.06410720930688027	204236	8.906701071309662
1.0	0.022199015018314543	771791	4.5276985608798235
5.7	0.1457231726283048	38580	20.069155002592016
2.5	0.047505714353040976	42437	9.682470485661097
4.1	0.09714272988441752	89806	15.55613210698617
3.5	0.06209912536443149	3430	12.190962099125365
1.1	0.04918806275311603	101732	5.248555026933512
4.6	0.1076402426662092	64121	17.18444815271128
3.2	0.15457372376263281	23154	13.789885117042411
1.6	0.05765548004390574	171276	7.050549989490647
7.7	0.183505556638721	25645	26.5702476116202
3.0	0.0568832043083137	11884	10.95960955907102
2.7	0.14852745472429554	17283	12.565121795984494
13.8	0.3513154398086633	3763	46.78102577730534
4.2	0.14219037601893242	30424	15.571160925585064
6.7	0.15310813511892865	35021	23.165900459724167
5.6	0.1279691316506779	28249	20.52766469609544
4.7	0.14229353746503753	33965	16.79078463123804
12.9	0.2957865168539326	7120	39.502808988764045
6.1	0.14222856463313116	16818	22.138482578190036
9.2	0.2199411022297013	11885	32.25443836769037
8.3	0.208172596085155	13998	26.942277468209745
11.8	0.2776775648252537	8870	39.00732807215333
59.0	0.856	125	148.216
8.2	0.19013643156727572	20743	28.451332979800416
19.1	0.39287026828371924	2721	55.342521131936785
34.2	0.6345679012345679	405	90.49382716049382
15.9	0.3724696356275304	3952	50.76012145748988
39.1	0.6696165191740413	339	101.2566371681416
13.3	0.32915098285236305	4782	45.05499790882476
21.1	0.45056566650270535	2033	61.86915887850467
12.8	0.3031923784054822	5983	42.95303359518636
8.6	0.33312769895126465	1621	31.25416409623689
2.2	0.145940494200706	9915	10.819667170953101
9.7	0.23648330982604607	8508	33.93594264221909
7.2	0.1645051194539249	30765	24.910352673492604
40.6	0.6917808219178082	292	104.65068493150685
9.9	0.25144255988809233	5719	30.691029900332225
9.8	0.23458257586351558	14302	31.89721717242344
10.8	0.2514571190674438	12010	35.01082431307244
18.0	0.39362041467304626	3135	54.427751196172245
52.2	0.7890625	128	129.9375
15.5	0.34163871586008626	4174	45.37230474365117
14.3	0.3731543624161074	2980	48.58926174496644
6.2	0.1474542823312722	38005	21.598605446651757
15.1	0.39006094702297234	2133	44.15002344116268
10.3	0.2375851251052108	13069	33.214936108348
16.5	0.35810645082168263	4077	48.858719646799116
16.4	0.3888052964188986	3323	53.17694854047547
12.3	0.287312929755966	7417	41.03114466765538
22.6	0.495	1600	67.223125
8.7	0.20540574756298266	15798	30.516204582858588
7.1	0.1842485549132948	5536	26.16293352601156
12.2	0.3787646758550281	1959	42.55181214905564
25.8	0.48751076658053405	1161	71.96468561584841
22.8	0.444633730834753	1174	62.36456558773424
18.2	0.39477124183006534	1530	49.426797385620915
24.4	0.4982738780207135	869	64.94591484464902
16.1	0.375	2320	45.71508620689655
23.9	0.47796610169491527	885	63.675706214689264
15.6	0.36662343277129267	2313	45.01642888024211
13.4	0.30983868623746547	6881	41.24051736666182
10.7	0.3012561686855092	4458	38.01076716016151
40.5	0.6727272727272727	275	106.84727272727272
45.7	0.7314285714285714	175	119.92
14.9	0.3366756652526032	5186	47.02969533359044
20.5	0.47699475829935933	1717	63.65346534653465
6.6	0.15858627011611326	9818	24.205235282134854
14.6	0.3726161369193154	2045	42.81515892420538
16.0	0.33259149357072204	4044	47.22601384767557
10.2	0.26446010158938227	6103	36.11322300507947
26.3	0.5157515751575158	1111	74.22862286228623
1.2	0.09741784037558686	852	5.957746478873239
51.2	0.7861271676300579	173	123.41040462427746
21.4	0.45278450363196127	826	60.61743341404358
28.7	0.5968882602545968	707	80.74540311173975
26.7	0.5591054313099042	939	77.4398296059638
31.6	0.5875706214689266	531	82.74387947269304
10.4	0.25607568096558475	6131	32.12983200130484
9.3	0.22262975778546712	14450	30.09515570934256
27.1	0.5621019108280255	628	77.29299363057325
7.6	0.2287684111563773	3191	28.296458790347852
23.2	0.46472772277227725	1616	66.1299504950495
23.1	0.513728323699422	1384	70.26156069364161
10.5	0.3173228346456693	2540	31.459448818897638
15.0	0.333806146572104	4230	43.91749408983451
13.1	0.3680762358546754	1679	38.89458010720667
49.5	0.8165680473372781	169	123.46745562130178
8.1	0.27923976608187134	2052	30.5
23.8	0.49599358974358976	1248	65.10176282051282
27.4	0.5242030696576151	847	72.36363636363636
20.4	0.4889867841409692	908	62.87444933920705
12.4	0.28520742358078605	7328	38.0484443231441
32.3	0.6138211382113821	492	88.40650406504065
17.1	0.38330170777988615	2635	48.35256166982922
28.0	0.5481586402266289	706	73.15297450424929
37.9	0.6655629139072847	302	102.9205298013245
17.4	0.42	2350	56.617446808510635
8.8	0.2140952901770456	14629	28.56012030897532
14.1	0.39839438033115904	1993	41.86302057200201
17.3	0.44388270980788674	989	53.378159757330636
19.0	0.4144395692062226	2507	58.121659353809335
8.4	0.27511008597190184	4769	26.64038582512057
20.1	0.4142502071251036	2414	58.75227837613919
21.8	0.48040033361134277	1199	59.77564637197665
24.7	0.5210332103321034	1355	70.13284132841328
22.7	0.46452806909315236	1621	63.16594694632943
11.4	0.267772850808182	6991	35.133457302245745
20.3	0.4792626728110599	1085	55.183410138248846
15.8	0.4154244977316915	1543	52.70058327932599
22.1	0.4688601645123384	1702	64.98413631022326
32.4	0.616	625	90.6112
19.9	0.503883495145631	1030	63.59126213592233
38.8	0.6388059701492538	335	103.0955223880597
18.7	0.4299007444168734	1612	50.41439205955335
19.3	0.432073544433095	979	52.67007150153218
24.2	0.5039768618944324	1383	69.3825018076645
7.8	0.2039192131541407	13319	25.36376604850214
13.9	0.3077642656688494	6414	42.89351418771437
17.0	0.3725542749932994	3731	50.6692575716966
33.2	0.6460176991150443	452	88.65044247787611
11.5	0.30976992330776926	2999	33.99299766588863
19.5	0.4391208791208791	2275	60.60879120879121
36.5	0.6560975609756098	410	99.00243902439024
15.2	0.38325581395348834	1075	42.4046511627907
17.6	0.3723159509202454	2608	50.0069018404908
14.0	0.3095002474022761	4042	41.51039089559624
11.7	0.37165551839464883	2392	41.32107023411371
21.0	0.47156084656084657	1512	65.5952380952381
11.9	0.278079956486266	7354	36.64835463693228
4.8	0.24380362249761678	8392	19.873450905624406
14.2	0.42653606411398043	1123	41.31967943009795
14.4	0.3202140514413948	5793	44.37303642326946
30.5	0.5524590163934426	610	82.41147540983607
32.6	0.5735567970204841	537	87.60148975791434
1.7	0.13709677419354838	3968	8.423639112903226
18.4	0.4434447300771208	1556	59.17030848329049
6.8	0.20449236298292903	11130	22.19991015274034
34.9	0.628175519630485	433	95.41801385681293
34.1	0.6032719836400818	489	92.03476482617587
3.3	0.24232197097536282	2963	15.841376982787715
6.3	0.2117027617723028	10066	20.962249155573218
11.0	0.31214285714285717	2800	33.38
32.8	0.654627539503386	443	90.13092550790067
21.5	0.47123719464145	1269	67.29787234042553
37.7	0.6408268733850129	387	96.02067183462532
25.3	0.49830508474576274	1180	70.35762711864406
17.2	0.39985590778097985	1388	48.3335734870317
15.7	0.420746887966805	1205	46.22738589211618
24.3	0.472632493483927	1151	66.12945264986968
22.2	0.4603267211201867	1714	62.20536756126021
51.8	0.7941176470588235	136	132.02205882352942
18.5	0.4233676975945017	2910	56.511683848797254
21.6	0.45349421820010055	1989	63.947712418300654
31.1	0.5768500948766604	527	82.64326375711575
12.0	0.32061317677756035	3066	36.30560991519896
12.5	0.30898707544334236	3327	38.11632100991885
33.4	0.605072463768116	552	92.83876811594203
16.6	0.3702635914332784	2428	47.15815485996705
27.6	0.5779967159277504	609	75.50574712643679
20.0	0.4465473145780051	1955	61.15140664961637
24.1	0.4978204010462075	1147	71.8256320836966
36.7	0.648	375	96.87466666666667
17.5	0.38273045507584597	3428	53.02946324387398
35.1	0.6446469248291572	439	93.81776765375854
7.3	0.21566003011544252	11954	23.964614355027607
20.8	0.44641192917054984	1073	55.16961789375583
19.8	0.47534516765285995	1014	54.34714003944773
26.5	0.5343283582089552	670	71.53582089552239
29.4	0.5702179176755447	826	81.90193704600485
13.5	0.3064935064935065	3850	39.21948051948052
0.6	0.03322832737626461	33014	3.177561034712546
21.3	0.47058823529411764	1139	56.991220368744514
19.7	0.4306134603930911	1679	53.46396664681358
17.9	0.44502893214097844	1901	58.460284061020516
22.3	0.4664	1250	60.5304
10.6	0.398576512455516	1686	35.46144721233689
26.4	0.5027932960893855	895	70.7340782122905
2.3	0.22596153846153846	416	10.189903846153847
4.3	0.23620591581342434	7032	18.97895335608646
9.1	0.35335463258785943	1565	32.463897763578274
35.7	0.6306068601583114	379	92.18997361477572
5.8	0.2164685908319185	9424	20.85144312393888
164.0	1.0	4	374.25
10.0	0.32458888018794047	2554	31.443617854346122
245.9	1.0	1	481.0
131.6	1.0	9	300.6666666666667
9.5	0.32863133816240947	2623	30.762104460541366
55.4	0.8487394957983193	119	135.18487394957984
13.6	0.3697916666666667	1728	39.114583333333336
111.2	0.9411764705882353	17	273.4117647058824
44.1	0.735	200	113.015
7.9	0.2856822764956307	4463	26.23683620882814
64.9	0.8793103448275862	58	166.17241379310346
144.2	1.0	4	353.75
13.7	0.3956043956043956	1183	41.277261200338124
7.4	0.2834322227293473	4382	25.534915563669557
66.4	0.84375	64	174.84375
35.3	0.6473829201101928	363	91.09366391184572
29.0	0.5335365853658537	656	75.6814024390244
54.8	0.8934426229508197	122	138.00819672131146
38.2	0.6584699453551912	366	100.78142076502732
45.4	0.7028301886792453	212	112.66509433962264
81.2	0.918918918918919	37	198.32432432432432
39.4	0.721830985915493	284	101.28521126760563
12.6	0.3741976893453145	1558	36.02824133504493
36.9	0.6774193548387096	372	99.43817204301075
98.7	0.9565217391304348	23	234.52173913043478
140.7	1.0	5	352.8
12.7	0.3985009369144285	1601	42.210493441599
48.5	0.7486631016042781	187	117.56684491978609
100.6	0.9523809523809523	21	229.76190476190476
22.4	0.5123674911660777	849	60.24381625441696
31.9	0.5891089108910891	606	88.24917491749174
8.9	0.2704514094224325	5073	27.452395032525132
26.0	0.5776119402985075	670	70.70597014925373
123.1	1.0	3	277.0
106.0	1.0	19	267.7894736842105
10.1	0.4010791366906475	1668	34.326139088729015
23.6	0.5145326001571092	1273	72.00235663786331
45.2	0.7850467289719626	214	118.64018691588785
45.0	0.6769911504424779	226	112.95132743362832
52.8	0.7651515151515151	132	131.62878787878788
18.9	0.4774436090225564	1330	60.45639097744361
103.7	1.0	13	245.92307692307693
33.0	0.6245791245791246	594	88.993265993266
8.0	0.34243405830633966	2161	29.488662656177695
39.3	0.6770833333333334	288	102.81597222222223
123.4	0.8333333333333334	6	283.6666666666667
65.2	0.7910447761194029	67	160.92537313432837
67.1	0.8840579710144928	69	165.81159420289856
30.6	0.5503875968992248	516	81.40891472868218
9.4	0.25705794947994054	5384	28.680349182763745
210.5	1.0	1	495.0
11.1	0.3823163138231631	1606	34.770859277708595
40.8	0.6966666666666667	300	107.36
11.6	0.3996294008647313	1619	36.099444101297095
50.1	0.7468354430379747	158	124.72784810126582
47.9	0.7951219512195122	205	123.10731707317073
43.7	0.7407407407407407	270	117.52592592592593
29.7	0.5964601769911504	565	85.51681415929204
92.1	0.9545454545454546	22	227.54545454545453
52.6	0.7928571428571428	140	131.63571428571427
9.0	0.3422330097087379	2472	30.124190938511326
47.3	0.7668393782383419	193	120.81347150259067
117.6	0.8571428571428571	7	274.57142857142856
102.7	1.0	18	242.66666666666666
6.9	0.2943713118474807	4406	25.591693145710394
132.6	0.8333333333333334	6	319.5
81.9	0.9615384615384616	26	183.26923076923077
115.6	1.0	12	266.8333333333333
67.8	0.8974358974358975	78	168.83333333333334
11.2	0.30859981372244644	3221	39.675566594225394
56.0	0.8252427184466019	103	145.32038834951456
73.2	0.9811320754716981	53	194.8490566037736
29.1	0.552158273381295	556	76.80035971223022
18.8	0.48350515463917526	970	54.13505154639175
76.9	0.9629629629629629	54	183.16666666666666
119.2	1.0	12	260.25
5.3	0.22380899252482428	8963	20.607051210532187
141.6	0.8	5	316.0
55.7	0.7927927927927928	111	145.82882882882882
76.5	0.9074074074074074	54	186.75925925925927
25.7	0.5515771526001705	1173	74.93009377664109
17.7	0.39946018893387314	1482	49.711201079622136
22.0	0.509641873278237	1089	69.34618916437098
47.2	0.7832512315270936	203	123.93103448275862
95.0	0.9629629629629629	27	225.1851851851852
178.9	1.0	4	404.5
56.6	0.8518518518518519	135	146.13333333333333
28.8	0.594475138121547	905	82.36685082872928
63.0	0.788235294117647	85	152.08235294117648
135.9	1.0	8	365.125
13.2	0.42388059701492536	1340	41.48805970149254
38.0	0.713091922005571	359	102.88857938718662
38.4	0.7120743034055728	323	101.28482972136223
35.6	0.6594827586206896	464	94.62931034482759
72.3	0.9038461538461539	52	177.51923076923077
68.5	0.868421052631579	38	161.26315789473685
158.9	1.0	2	379.5
84.8	0.9393939393939394	33	208.36363636363637
25.2	0.5670826833073322	1282	72.94695787831513
34.7	0.6739130434782609	414	92.26086956521739
30.2	0.6167664670658682	501	83.89221556886227
27.3	0.5681130171543896	991	77.58526740665994
102.6	0.875	16	243.4375
124.7	1.0	9	310.55555555555554
93.2	1.0	24	229.54166666666666
35.8	0.654891304347826	368	94.23913043478261
46.3	0.7649769585253456	217	120.2442396313364
23.0	0.5299435028248588	885	70.21920903954802
69.2	0.9230769230769231	65	165.7076923076923
72.5	0.975609756097561	41	185.17073170731706
150.1	1.0	2	348.5
26.8	0.5430711610486891	1068	75.55243445692884
39.8	0.6676384839650146	343	103.82215743440233
24.5	0.5434782608695652	690	71.10144927536231
118.0	0.9285714285714286	14	291.57142857142856
101.6	0.9285714285714286	28	258.57142857142856
33.6	0.6071428571428571	504	88.68055555555556
55.1	0.8349514563106796	103	142.94174757281553
14.8	0.39924749163879597	2392	49.728678929765884
62.3	0.7978723404255319	94	158.38297872340425
109.3	1.0	12	263.75
25.1	0.5641618497109827	865	76.1907514450867
110.9	1.0	10	281.2
51.1	0.7310344827586207	145	126.30344827586207
51.9	0.7704918032786885	183	134.50273224043715
29.6	0.562152133580705	539	78.4786641929499
55.2	0.7933884297520661	121	134.9504132231405
159.7	1.0	4	366.25
29.8	0.6034712950600801	749	84.83044058744993
20.6	0.42312864186463467	2231	59.17929179740027
34.8	0.6497175141242938	354	94.40112994350282
92.8	0.9523809523809523	21	230.0952380952381
137.0	1.0	6	329.3333333333333
89.2	0.8235294117647058	17	206.35294117647058
88.8	0.9655172413793104	29	222.31034482758622
78.4	0.9090909090909091	22	189.1818181818182
52.7	0.8260869565217391	138	128.69565217391303
60.7	0.8875	80	157.1875
37.5	0.6710182767624021	383	101.91906005221932
96.6	1.0	16	226.9375
81.6	0.9411764705882353	34	197.41176470588235
24.6	0.5269035532994923	985	74.59187817258884
53.6	0.821656050955414	157	136.7579617834395
136.1	0.9285714285714286	14	329.35714285714283
118.5	1.0	7	287.42857142857144
24.8	0.49391727493917276	1233	68.24249797242499
58.9	0.7941176470588235	102	143.36274509803923
108.9	1.0	14	264.0
76.4	0.8571428571428571	49	183.59183673469389
30.9	0.6017699115044248	678	85.77138643067846
82.7	0.918918918918919	37	200.02702702702703
27.8	0.5635808748728383	983	79.44354018311292
57.3	0.7959183673469388	98	146.28571428571428
51.7	0.7602339181286549	171	129.16374269005848
54.4	0.7983193277310925	119	137.31932773109244
103.2	1.0	18	258.6111111111111
74.4	0.9433962264150944	53	174.33962264150944
24.0	0.5633802816901409	710	71.05774647887324
139.6	1.0	6	331.3333333333333
109.6	0.9090909090909091	11	259.54545454545456
28.6	0.5793780687397708	611	79.13584288052373
66.7	0.859375	64	168.203125
36.3	0.660427807486631	374	95.50267379679144
28.9	0.5509964830011723	853	79.75146541617819
94.3	0.8823529411764706	17	221.41176470588235
81.8	1.0	31	195.83870967741936
70.8	0.9130434782608695	69	175.40579710144928
114.0	1.0	7	265.85714285714283
54.3	0.8571428571428571	133	139.1954887218045
29.3	0.5940959409594095	813	83.11439114391143
19.6	0.4184426229508197	2440	56.21967213114754
14.5	0.3186522262334537	4155	42.589169675090254
20.2	0.4226503210741389	1713	54.93053123175715
6.4	0.30877626699629174	4045	24.804944375772557
43.5	0.7459677419354839	248	117.3991935483871
68.4	0.9041095890410958	73	165.0958904109589
26.1	0.592156862745098	765	77.73071895424836
52.4	0.8026315789473685	152	135.48684210526315
42.7	0.6768060836501901	263	110.09125475285171
15.3	0.3992416034669556	1846	50.7578548212351
37.6	0.6876640419947506	381	98.62729658792651
128.8	1.0	7	287.14285714285717
49.0	0.7714285714285715	175	119.22285714285714
29.2	0.5704918032786885	610	84.86229508196722
21.2	0.42305540011191944	1787	58.69613878007834
78.1	0.9642857142857143	28	188.75
18.1	0.3877476155539252	2726	51.46918561995598
32.0	0.6146645865834633	641	87.61934477379096
60.3	0.8163265306122449	98	145.4591836734694
57.0	0.8762886597938144	97	141.46391752577318
62.1	0.8584905660377359	106	153.41509433962264
20.7	0.4340258281864121	1781	57.528916339135314
32.1	0.6019047619047619	525	84.70476190476191
41.1	0.6792452830188679	318	108.31132075471699
32.5	0.589041095890411	584	88.34760273972603
63.7	0.8555555555555555	90	164.51111111111112
31.2	0.6204081632653061	490	85.5
90.7	1.0	19	231.6315789473684
31.4	0.6354748603351955	716	88.16340782122904
45.9	0.7403314917127072	181	116.20994475138122
43.1	0.7254901960784313	255	115.34117647058824
53.5	0.8040540540540541	148	139.6283783783784
67.0	0.8548387096774194	62	159.38709677419354
34.6	0.62882096069869	458	93.17248908296943
36.0	0.6443965517241379	464	97.45258620689656
13.0	0.3230938014262205	3646	38.94925946242458
41.9	0.7251908396946565	262	105.89312977099236
34.0	0.6166666666666667	540	92.53518518518518
12.1	0.37554585152838427	1603	35.624454148471614
36.8	0.6569767441860465	344	94.89825581395348
69.7	0.9	70	168.1
9.6	0.3984323971260614	1531	34.466361854996734
21.9	0.5094816687737042	791	59.53350189633375
41.3	0.6746575342465754	292	106.53082191780823
36.6	0.6567505720823799	437	96.1487414187643
22.9	0.5051679586563308	774	62.09560723514212
19.4	0.4502127659574468	1175	61.5131914893617
40.2	0.652027027027027	296	102.40202702702703
61.1	0.8271604938271605	81	156.0493827160494
66.8	0.8714285714285714	70	162.04285714285714
82.5	0.9642857142857143	28	207.5
99.6	1.0	11	225.63636363636363
59.9	0.8764044943820225	89	146.62921348314606
33.7	0.641860465116279	430	88.49767441860465
33.9	0.6270833333333333	480	92.37291666666667
100.2	0.9523809523809523	21	231.8095238095238
33.5	0.6148148148148148	540	91.6037037037037
31.5	0.6048	625	85.4592
71.1	0.9090909090909091	55	181.56363636363636
24.9	0.5017462165308498	859	66.48428405122235
29.5	0.557427258805513	653	79.05972434915773
49.3	0.8081395348837209	172	126.32558139534883
62.5	0.8313253012048193	83	162.81927710843374
35.2	0.633495145631068	412	91.99757281553399
33.8	0.6560975609756098	410	92.36829268292684
55.3	0.8333333333333334	108	134.37037037037038
66.3	0.9285714285714286	84	162.36904761904762
53.8	0.782608695652174	161	131.2360248447205
100.7	0.9285714285714286	14	249.07142857142858
26.2	0.5616302186878728	1006	75.47117296222665
50.9	0.7831325301204819	166	131.24096385542168
102.2	0.9473684210526315	19	252.94736842105263
55.6	0.875	120	142.41666666666666
39.6	0.7284345047923323	313	107.42492012779553
53.3	0.8287671232876712	146	133.81506849315068
65.1	0.8522727272727273	88	160.79545454545453
28.3	0.5515743756786102	921	80.11400651465799
32.2	0.6361556064073226	437	86.99313501144165
80.9	0.875	32	204.0625
90.2	0.9230769230769231	26	216.84615384615384
31.3	0.6224961479198767	649	85.211093990755
45.3	0.7799043062200957	209	117.14354066985646
37.2	0.6243243243243243	370	96.92432432432433
60.2	0.8285714285714286	105	150.06666666666666
25.0	0.5512048192771084	664	68.95632530120481
101.3	1.0	22	252.3181818181818
29.9	0.5922974767596282	753	81.41434262948208
152.6	1.0	2	330.5
28.1	0.5962837837837838	592	80.07601351351352
25.5	0.532608695652174	644	69.04037267080746
40.0	0.7067137809187279	283	105.62190812720848
73.4	0.859375	64	176.25
31.7	0.6321353065539113	473	87.723044397463
32.9	0.6233552631578947	608	91.18092105263158
110.0	1.0	9	263.0
87.5	0.9545454545454546	22	202.6818181818182
42.2	0.7560137457044673	291	109.67353951890034
60.1	0.8604651162790697	86	152.08139534883722
86.3	0.8846153846153846	26	206.6153846153846
41.7	0.7191780821917808	292	109.23972602739725
56.5	0.8037383177570093	107	142.52336448598132
42.0	0.6938775510204082	245	105.35918367346939
21.7	0.43098427489807806	1717	59.638322655794994
3.8	0.24429902835613723	5043	18.323815189371405
23.4	0.47577639751552797	805	62.47329192546584
69.4	0.8813559322033898	59	166.33898305084745
25.6	0.5637755102040817	784	75.0420918367347
26.6	0.6037735849056604	636	78.3506289308176
76.0	0.8852459016393442	61	180.04918032786884
38.1	0.640117994100295	339	100.7669616519174
36.2	0.6523929471032746	397	93.3073047858942
43.2	0.7251908396946565	262	114.0
18.6	0.3839115516584064	2623	52.12657262676325
30.0	0.554364471669219	653	79.78713629402756
140.1	1.0	2	499.5
26.9	0.5102040816326531	882	71.92517006802721
5.4	0.3157342657342657	2860	23.326573426573425
2.8	0.24483985765124555	1405	12.790747330960855
7.5	0.36391752577319586	1940	29.71958762886598
99.8	1.0	14	241.28571428571428
44.0	0.7385321100917431	218	112.24311926605505
8.5	0.35360908353609083	2466	29.987023519870235
83.8	1.0	23	220.7826086956522
59.3	0.8857142857142857	105	147.82857142857142
36.1	0.6446078431372549	408	96.42892156862744
65.7	0.9	80	161.0375
14.7	0.4080914687774846	1137	42.29815303430079
43.9	0.691358024691358	243	110.47325102880659
68.6	0.855072463768116	69	163.1014492753623
91.8	0.95	20	222.7
60.9	0.9186046511627907	86	151.80232558139534
53.1	0.7769784172661871	139	129.53237410071944
41.6	0.6967509025270758	277	112.20216606498195
67.4	0.9315068493150684	73	175.43835616438355
27.5	0.5792079207920792	606	72.46699669966996
16.3	0.4405705229793978	1262	50.43423137876387
45.1	0.7222222222222222	216	114.91666666666667
64.6	0.8089887640449438	89	157.1123595505618
49.6	0.7810650887573964	169	122.85207100591715
57.1	0.7596153846153846	104	146.5
16.9	0.415067004708439	2761	54.80007243752264
51.5	0.8544303797468354	158	127.5253164556962
37.4	0.6936416184971098	346	101.28034682080924
75.2	0.918918918918919	37	186.75675675675674
51.4	0.7908496732026143	153	136.41176470588235
45.8	0.7823834196891192	193	116.58031088082902
28.2	0.59366391184573	726	82.88429752066116
52.5	0.7062937062937062	143	129.53146853146853
47.4	0.7093023255813954	172	117.84302325581395
62.6	0.8191489361702128	94	155.77659574468086
40.1	0.656441717791411	326	105.9079754601227
40.4	0.7323943661971831	284	102.80633802816901
39.9	0.6534954407294833	329	103.0273556231003
33.1	0.6239837398373984	492	87.08130081300813
34.3	0.6390243902439025	410	92.94634146341464
41.0	0.7066115702479339	242	104.60330578512396
59.5	0.8411214953271028	107	151.14953271028037
64.1	0.7875	80	151.075
43.3	0.7415254237288136	236	110.07203389830508
59.8	0.8181818181818182	99	143.6060606060606
27.2	0.5805288461538461	832	80.15865384615384
41.2	0.6597222222222222	288	105.61805555555556
69.5	0.9090909090909091	66	166.95454545454547
23.7	0.48954821308159135	1483	66.36952124072825
61.5	0.8888888888888888	99	149.03030303030303
55.5	0.8444444444444444	135	146.16296296296295
30.3	0.6484149855907781	694	86.16138328530259
72.6	0.9122807017543859	57	174.98245614035088
62.4	0.8354430379746836	79	153.56962025316454
44.5	0.6818181818181818	242	113.2396694214876
30.4	0.5644736842105263	760	85.13947368421053
48.9	0.7852760736196319	163	124.29447852760737
58.0	0.839622641509434	106	152.24528301886792
44.4	0.6971153846153846	208	110.21153846153847
44.6	0.7129186602870813	209	114.42105263157895
27.7	0.5819975339087546	811	80.24414303329223
23.3	0.47794117647058826	1224	63.24918300653595
54.5	0.7819548872180451	133	138.73684210526315
57.5	0.74	100	142.74
44.3	0.71875	224	111.21428571428571
35.0	0.5979166666666667	480	92.50833333333334
39.7	0.6864406779661016	354	105.31073446327683
35.9	0.6416040100250626	399	97.47117794486215
53.4	0.8070175438596491	114	136.02631578947367
47.6	0.6941747572815534	206	117.97087378640776
47.1	0.7244897959183674	196	117.18877551020408
46.0	0.7668393782383419	193	114.26424870466322
54.1	0.7925925925925926	135	138.54814814814816
16.7	0.41953125	1280	47.16640625
54.6	0.8115942028985508	138	137.0
30.8	0.6152647975077882	642	87.57632398753894
28.5	0.5521936459909228	661	76.63086232980334
27.9	0.5367816091954023	870	76.3712643678161
30.1	0.5860805860805861	546	80.78571428571429
40.7	0.6986301369863014	292	106.85958904109589
16.2	0.41862348178137654	1235	47.874493927125506
38.3	0.7275449101796407	334	100.05988023952096
71.2	0.8235294117647058	51	172.94117647058823
38.9	0.7195945945945946	296	103.62162162162163
49.9	0.7761194029850746	201	128.7810945273632
18.3	0.44594594594594594	962	52.24220374220374
37.0	0.6774941995359629	431	99.25290023201856
4.0	0.10313531353135313	1212	13.470297029702971
31.8	0.621031746031746	504	87.02182539682539
19.2	0.43100411039342335	1703	51.21139166177334
46.4	0.7149321266968326	221	116.01809954751131
5.9	0.3142108328479907	3434	24.460104834012814
2.9	0.3695652173913043	92	9.326086956521738
4.9	0.30538922155688625	2004	22.164670658682635
269.1	1.0	1	523.0
236.1	1.0	2	551.0
154.4	1.0	1	325.0
160.1	1.0	2	391.5
149.8	1.0	2	404.0
198.8	1.0	3	513.3333333333334
124.1	1.0	8	376.875
170.8	1.0	1	402.0
96.5	1.0	20	232.5
76.2	0.875	32	182.125
175.7	1.0	1	391.0
147.7	1.0	4	375.0
151.2	0.5	2	350.0
65.9	0.8529411764705882	68	158.75
122.3	1.0	10	287.3
33.3	0.6517647058823529	425	92.67294117647059
56.9	0.8706896551724138	116	142.93103448275863
138.4	1.0	6	334.0
134.9	1.0	3	290.3333333333333
121.8	1.0	9	281.8888888888889
90.0	0.9130434782608695	23	205.56521739130434
119.9	1.0	9	283.6666666666667
41.5	0.7092198581560284	282	109.37588652482269
127.8	1.0	9	315.22222222222223
85.8	0.9310344827586207	29	206.9655172413793
104.8	1.0	12	259.9166666666667
125.4	1.0	6	301.3333333333333
148.9	1.0	1	332.0
152.5	1.0	3	364.3333333333333
155.9	1.0	5	378.6
141.5	1.0	6	323.6666666666667
22.5	0.5117878192534381	1018	69.67092337917485
128.4	1.0	8	281.125
84.4	0.9090909090909091	33	198.27272727272728
156.9	1.0	4	378.5
85.9	0.8928571428571429	28	203.71428571428572
117.4	0.8571428571428571	7	276.2857142857143
130.2	1.0	5	318.4
48.6	0.7650273224043715	183	120.60655737704919
48.3	0.8102564102564103	195	127.85128205128206
60.0	0.8775510204081632	98	149.23469387755102
49.1	0.7361963190184049	163	115.87730061349693
70.1	0.8596491228070176	57	168.50877192982455
118.9	1.0	9	300.8888888888889
117.9	0.9230769230769231	13	263.9230769230769
71.3	0.9027777777777778	72	174.90277777777777
76.3	0.8974358974358975	39	180.94871794871796
147.0	1.0	5	371.4
92.4	0.9047619047619048	21	209.1904761904762
77.5	1.0	34	199.88235294117646
65.6	0.8888888888888888	72	164.47222222222223
138.9	1.0	4	305.5
207.3	1.0	1	512.0
164.8	1.0	2	391.5
192.8	1.0	2	454.5
20.9	0.5039908779931584	877	61.51083238312429
82.6	0.9459459459459459	37	199.3783783783784
139.0	1.0	3	380.0
121.2	1.0	19	294.7894736842105
141.4	1.0	2	319.0
156.6	1.0	4	353.25
97.7	1.0	14	233.64285714285714
118.1	1.0	13	274.38461538461536
85.7	0.9393939393939394	33	212.24242424242425
65.3	0.8194444444444444	72	160.90277777777777
44.8	0.6826923076923077	208	110.20673076923077
56.1	0.8278145695364238	151	139.87417218543047
70.3	0.9375	48	174.375
133.7	1.0	7	341.2857142857143
107.3	0.8235294117647058	17	266.52941176470586
120.6	1.0	8	295.0
151.3	1.0	5	367.8
158.4	1.0	4	369.0
120.0	1.0	4	275.25
98.3	0.9375	16	221.6875
56.7	0.8828828828828829	111	141.75675675675674
138.8	1.0	5	295.6
143.1	1.0	4	320.5
76.6	1.0	35	184.94285714285715
93.7	1.0	19	228.21052631578948
186.5	1.0	1	459.0
96.8	1.0	10	245.5
74.1	0.9090909090909091	44	180.1818181818182
75.8	0.8823529411764706	51	192.76470588235293
181.0	1.0	4	431.75
49.7	0.7922077922077922	154	123.25974025974025
205.5	1.0	1	512.0
87.3	0.9714285714285714	35	219.0
142.8	0.8333333333333334	6	358.6666666666667
117.7	0.8571428571428571	7	272.2857142857143
64.2	0.8405797101449275	69	157.8985507246377
74.2	0.851063829787234	47	191.27659574468086
89.4	0.9310344827586207	29	208.86206896551724
116.1	1.0	11	285.09090909090907
61.9	0.8631578947368421	95	146.73684210526315
106.1	1.0	17	255.8235294117647
45.6	0.7312775330396476	227	118.7488986784141
111.3	1.0	6	263.5
66.1	0.9036144578313253	83	158.0120481927711
90.4	0.9032258064516129	31	223.80645161290323
194.3	1.0	3	432.3333333333333
192.7	1.0	4	479.75
138.1	1.0	9	314.1111111111111
62.7	0.8641975308641975	81	156.92592592592592
176.4	1.0	2	375.5
92.6	0.9642857142857143	28	225.21428571428572
72.8	0.8918918918918919	74	176.35135135135135
208.5	1.0	1	517.0
39.0	0.7387096774193549	310	104.9258064516129
91.4	1.0	19	222.10526315789474
74.3	0.8780487804878049	41	173.8048780487805
16.8	0.45533391153512576	1153	52.94535993061579
94.1	0.9310344827586207	29	227.0344827586207
32.7	0.6223628691983122	474	87.73839662447257
47.5	0.7272727272727273	198	114.0
182.3	1.0	2	469.5
68.2	0.8701298701298701	77	165.11688311688312
74.9	0.9183673469387755	49	180.69387755102042
116.9	0.9090909090909091	11	273.3636363636364
82.9	0.9666666666666667	30	204.93333333333334
118.7	0.8571428571428571	7	292.2857142857143
181.2	1.0	2	423.5
162.0	1.0	1	378.0
105.9	0.9285714285714286	14	253.71428571428572
66.9	0.8493150684931506	73	171.24657534246575
131.4	1.0	10	303.4
93.1	0.9615384615384616	26	226.15384615384616
150.9	1.0	4	367.5
127.5	1.0	14	371.5
106.5	0.9090909090909091	11	256.27272727272725
92.5	0.9642857142857143	28	210.5
112.1	1.0	6	284.8333333333333
78.8	0.918918918918919	37	190.0
84.1	0.9090909090909091	33	213.12121212121212
90.3	0.8461538461538461	26	219.3846153846154
112.4	1.0	10	265.0
81.3	1.0	39	198.07692307692307
191.4	1.0	2	417.0
116.7	0.9	10	277.8
79.8	0.9512195121951219	41	194.21951219512195
67.9	0.890625	64	165.578125
45.5	0.675531914893617	188	113.12234042553192
51.0	0.8192090395480226	177	130.03389830508473
148.8	1.0	4	390.0
76.1	0.9230769230769231	52	180.09615384615384
25.9	0.5061315496098104	897	68.50167224080268
46.1	0.8103448275862069	174	118.55747126436782
110.4	1.0	18	253.94444444444446
114.5	0.9166666666666666	12	280.8333333333333
170.1	1.0	3	400.3333333333333
70.0	0.9	50	174.12
85.3	0.9354838709677419	31	205.93548387096774
125.6	1.0	10	302.7
128.6	1.0	5	295.8
113.4	0.9	10	254.3
52.1	0.8208955223880597	134	125.41044776119404
62.2	0.78125	96	157.92708333333334
88.1	0.9642857142857143	28	209.14285714285714
97.4	0.9090909090909091	11	212.1818181818182
103.9	0.9285714285714286	14	251.35714285714286
168.5	1.0	3	418.6666666666667
92.2	0.9444444444444444	18	226.66666666666666
111.8	1.0	9	311.8888888888889
131.0	1.0	6	313.1666666666667
108.3	1.0	8	252.375
134.3	1.0	7	293.0
60.5	0.826530612244898	98	145.68367346938774
129.5	1.0	5	341.8
93.5	1.0	18	222.0
42.6	0.6872586872586872	259	114.23552123552123
84.7	0.9428571428571428	35	198.0857142857143
47.7	0.8090452261306532	199	124.99497487437186
91.1	0.9545454545454546	22	199.0
122.4	1.0	11	289.90909090909093
95.7	0.8947368421052632	19	233.0
91.0	0.9090909090909091	33	212.06060606060606
123.0	0.7777777777777778	9	304.77777777777777
57.2	0.7777777777777778	99	142.0
70.9	0.9298245614035088	57	173.50877192982455
156.7	1.0	4	398.25
132.2	1.0	3	288.3333333333333
150.4	1.0	3	353.6666666666667
139.5	1.0	2	314.0
61.8	0.8941176470588236	85	157.87058823529412
103.6	0.75	12	235.16666666666666
130.9	1.0	2	310.5
107.8	1.0	10	260.8
88.6	0.92	25	202.12
102.1	1.0	16	257.6875
84.5	1.0	30	206.83333333333334
38.7	0.6481994459833795	361	98.50692520775624
72.9	0.8833333333333333	60	167.38333333333333
84.9	1.0	19	201.3684210526316
48.8	0.7437185929648241	199	125.71356783919597
135.4	1.0	7	359.42857142857144
123.8	1.0	6	310.3333333333333
82.2	1.0	35	202.57142857142858
80.5	0.9166666666666666	36	188.88888888888889
82.3	0.896551724137931	29	201.86206896551724
149.3	1.0	5	361.6
129.3	1.0	5	288.4
127.6	1.0	10	331.4
132.4	1.0	5	316.2
48.7	0.7928994082840237	169	123.2189349112426
34.5	0.66015625	512	92.8515625
111.7	0.8666666666666667	15	263.73333333333335
85.4	0.8888888888888888	36	207.97222222222223
162.6	1.0	3	353.0
82.1	0.9722222222222222	36	190.66666666666666
100.8	0.9411764705882353	17	235.2941176470588
144.9	1.0	2	322.5
117.5	1.0	13	270.38461538461536
50.2	0.8066298342541437	181	123.78453038674033
109.1	1.0	13	246.46153846153845
4.5	0.20030349013657056	659	13.97875569044006
7.0	0.37186223000583774	1713	28.815528312901343
6.5	0.4068441064638783	1315	27.19619771863118
61.0	0.8602150537634409	93	150.23655913978496
6.0	0.3880597014925373	1072	27.291977611940297
96.9	1.0	23	226.04347826086956
5.0	0.31103074141048825	553	18.244122965641953
68.8	0.85	60	165.56666666666666
117.2	1.0	12	296.6666666666667
44.2	0.7765567765567766	273	115.31868131868131
5.5	0.31835686777920413	779	23.098844672657254
35.4	0.6613995485327314	443	95.7313769751693
60.4	0.822429906542056	107	144.55140186915887
151.0	1.0	6	382.3333333333333
111.5	0.9333333333333333	15	272.93333333333334
59.7	0.8421052631578947	95	149.2842105263158
37.3	0.7045454545454546	396	98.9040404040404
52.9	0.8134328358208955	134	137.6492537313433
102.3	1.0	15	233.13333333333333
61.4	0.8	85	151.31764705882352
37.1	0.6313253012048192	415	98.71807228915662
64.4	0.8732394366197183	71	158.19718309859155
72.1	0.8679245283018868	53	181.71698113207546
66.2	0.935064935064935	77	157.4805194805195
59.1	0.900990099009901	101	151.62376237623764
80.7	0.8936170212765957	47	197.85106382978722
52.0	0.7843137254901961	153	126.69281045751634
85.5	0.9117647058823529	34	204.47058823529412
109.7	1.0	12	273.75
58.7	0.8672566371681416	113	147.8230088495575
72.2	0.9215686274509803	51	173.41176470588235
70.7	0.95	60	173.91666666666666
46.7	0.7803468208092486	173	124.75722543352602
73.1	0.8703703703703703	54	178.0
108.2	1.0	13	263.53846153846155
98.4	1.0	21	241.61904761904762
80.0	0.9285714285714286	28	200.07142857142858
50.5	0.7852760736196319	163	125.14110429447852
68.0	0.9375	64	167.640625
61.7	0.8625	80	157.275
94.5	1.0	30	224.46666666666667
83.6	0.9705882352941176	34	202.2058823529412
155.7	1.0	3	385.0
42.5	0.6954732510288066	243	112.66255144032922
63.2	0.8923076923076924	65	158.8923076923077
42.3	0.6846473029045643	241	109.30290456431536
161.8	1.0	2	414.5
40.9	0.7491408934707904	291	103.48109965635739
38.5	0.6432926829268293	328	102.3048780487805
48.0	0.7360406091370558	197	117.77664974619289
73.3	0.9206349206349206	63	170.82539682539684
23.5	0.5198511166253101	806	69.12034739454094
75.6	0.9767441860465116	43	180.48837209302326
53.2	0.746031746031746	126	130.16666666666666
42.1	0.7100371747211895	269	113.49442379182156
43.8	0.7125984251968503	254	109.11023622047244
69.3	0.9	80	175.5625
74.6	0.9333333333333333	45	179.7111111111111
81.1	0.9666666666666667	30	191.3
58.4	0.875	104	142.34615384615384
101.7	0.9444444444444444	18	233.83333333333334
107.6	0.9285714285714286	14	249.42857142857142
108.8	1.0	12	261.1666666666667
118.4	1.0	7	283.57142857142856
56.2	0.7938931297709924	131	138.65648854961833
91.6	0.9565217391304348	23	226.52173913043478
71.8	0.9354838709677419	62	172.0
71.9	0.9375	48	180.02083333333334
39.2	0.6883852691218131	353	99.56940509915015
48.1	0.75	196	118.23979591836735
72.7	0.9148936170212766	47	174.61702127659575
25.4	0.5220500595947557	839	68.02622169249106
63.3	0.7792207792207793	77	156.80519480519482
58.5	0.8411214953271028	107	147.94392523364485
61.3	0.8481012658227848	79	150.83544303797467
58.2	0.8297872340425532	94	152.32978723404256
68.3	0.9076923076923077	65	165.2153846153846
53.0	0.8409090909090909	132	134.3409090909091
70.6	0.9111111111111111	45	172.73333333333332
63.6	0.8823529411764706	85	157.54117647058823
75.3	1.0	37	194.9189189189189
41.4	0.7021276595744681	282	106.86524822695036
62.9	0.8902439024390244	82	150.390243902439
106.4	0.8823529411764706	17	247.88235294117646
113.7	0.9	10	277.7
84.6	1.0	34	206.23529411764707
48.2	0.7705882352941177	170	125.78235294117647
56.4	0.8348623853211009	109	145.47706422018348
78.6	0.9	30	196.7
79.6	0.9019607843137255	51	188.49019607843138
17.8	0.42769857433808556	982	52.216904276985744
75.7	0.8048780487804879	41	183.02439024390245
42.4	0.7285067873303167	221	104.68778280542986
202.0	1.0	1	483.0
88.9	0.896551724137931	29	205.17241379310346
107.1	1.0	11	247.45454545454547
51.3	0.8071428571428572	140	130.13571428571427
42.8	0.7105263157894737	266	111.22556390977444
64.5	0.8732394366197183	71	152.3943661971831
70.5	0.8431372549019608	51	170.52941176470588
115.2	0.8571428571428571	7	287.0
73.0	0.8813559322033898	59	179.25423728813558
88.3	0.9090909090909091	22	210.5
187.1	1.0	1	405.0
199.3	1.0	1	471.0
31.0	0.5786963434022258	629	82.72178060413354
57.8	0.7976190476190477	84	144.26190476190476
69.8	0.8285714285714286	70	170.3
93.3	0.95	20	230.35
43.4	0.7613168724279835	243	111.19341563786008
90.9	0.975609756097561	41	221.58536585365854
80.3	0.8888888888888888	36	184.22222222222223
69.0	0.8983050847457628	59	164.864406779661
121.4	0.9090909090909091	11	292.0
152.1	1.0	4	349.75
59.2	0.8541666666666666	96	149.10416666666666
91.2	0.9	20	216.7
104.9	1.0	11	255.27272727272728
89.5	0.9047619047619048	21	213.71428571428572
50.8	0.7368421052631579	152	127.61184210526316
67.3	0.9027777777777778	72	164.51388888888889
99.7	0.875	16	222.8125
84.2	0.9210526315789473	38	198.97368421052633
111.1	0.9411764705882353	17	265.29411764705884
60.8	0.79	100	147.44
60.6	0.845360824742268	97	150.16494845360825
44.7	0.7773109243697479	238	118.24789915966386
75.0	0.9333333333333333	45	181.35555555555555
75.4	0.8	40	180.85
92.9	0.9583333333333334	24	227.41666666666666
57.6	0.8921568627450981	102	146.34313725490196
58.8	0.8333333333333334	90	149.54444444444445
76.8	0.775	40	199.075
57.9	0.7723577235772358	123	145.02439024390245
46.5	0.7871287128712872	202	116.85148514851485
50.0	0.7647058823529411	170	128.57647058823528
83.2	0.90625	32	206.90625
89.8	0.9615384615384616	26	215.5
30.7	0.6202020202020202	495	85.13535353535353
77.1	0.9285714285714286	28	190.89285714285714
58.3	0.8846153846153846	104	141.75
65.0	0.8266666666666667	75	159.24
35.5	0.6493212669683258	442	94.67194570135747
79.7	0.9142857142857143	35	198.74285714285713
180.7	1.0	1	387.0
211.8	1.0	1	406.0
28.4	0.5560859188544153	838	78.4164677804296
237.9	1.0	2	519.0
204.0	1.0	1	664.0
355.8	1.0	1	722.0
232.8	1.0	2	465.5
59.6	0.8514851485148515	101	149.75247524752476
126.3	1.0	7	329.0
88.5	0.9545454545454546	22	228.36363636363637
217.7	1.0	2	555.5
199.8	1.0	1	385.0
242.7	1.0	1	470.0
70.4	0.9148936170212766	47	179.08510638297872
86.2	1.0	29	203.20689655172413
78.7	1.0	31	195.06451612903226
161.3	1.0	4	354.5
63.9	0.8666666666666667	60	156.91666666666666
173.9	1.0	2	391.0
173.5	1.0	2	445.0
191.0	1.0	1	372.0
104.3	1.0	15	242.93333333333334
148.3	1.0	4	336.25
214.9	1.0	1	413.0
172.8	1.0	1	329.0
110.2	1.0	12	247.41666666666666
132.8	1.0	7	342.0
168.3	1.0	3	433.3333333333333
201.1	1.0	1	471.0
223.1	1.0	1	432.0
81.4	0.96875	32	204.46875
223.5	1.0	1	432.0
131.5	1.0	4	284.5
174.7	1.0	2	344.5
73.6	0.8809523809523809	42	182.28571428571428
178.8	1.0	3	452.3333333333333
124.2	1.0	5	270.6
184.5	1.0	1	468.0
99.2	0.9696969696969697	33	237.4848484848485
140.0	1.0	6	368.0
170.7	1.0	1	325.0
62.0	0.8313253012048193	83	155.6265060240964
57.4	0.8189655172413793	116	144.31896551724137
134.0	1.0	3	338.6666666666667
142.4	1.0	5	315.8
197.4	1.0	2	425.0
104.1	1.0	14	247.21428571428572
89.6	1.0	24	217.45833333333334
177.7	1.0	1	511.0
121.9	1.0	8	285.5
82.0	0.9523809523809523	21	188.33333333333334
75.9	0.9038461538461539	52	177.73076923076923
187.2	1.0	2	393.5
50.4	0.7898089171974523	157	129.22292993630575
349.5	1.0	1	891.0
252.9	1.0	1	495.0
284.9	1.0	1	549.0
166.8	1.0	2	399.5
58.6	0.8035714285714286	112	150.69642857142858
199.0	1.0	1	380.0
260.1	1.0	1	528.0
117.8	1.0	9	295.0
113.5	1.0	12	269.9166666666667
203.6	1.0	3	463.0
84.3	0.9545454545454546	44	195.8409090909091
50.3	0.8273381294964028	139	133.3453237410072
62.8	0.8470588235294118	85	154.8235294117647
94.7	0.8333333333333334	18	232.94444444444446
165.6	1.0	2	455.5
142.1	1.0	5	353.2
196.9	1.0	2	444.0
156.5	1.0	3	351.3333333333333
107.0	0.9285714285714286	14	254.07142857142858
165.0	1.0	1	381.0
185.2	1.0	2	370.5
295.6	1.0	1	580.0
71.0	0.8545454545454545	55	176.4
139.4	1.0	3	299.3333333333333
103.5	0.9166666666666666	12	231.25
103.3	1.0	17	255.41176470588235
275.4	1.0	1	540.0
354.0	1.0	1	695.0
105.6	0.8181818181818182	11	246.0
34.4	0.6391304347826087	460	93.61521739130434
165.9	1.0	2	395.5
142.2	1.0	7	355.7142857142857
226.9	1.0	1	508.0
69.9	0.8813559322033898	59	176.15254237288136
94.2	0.9545454545454546	22	221.45454545454547
151.6	1.0	2	307.0
144.1	1.0	6	307.8333333333333
56.3	0.7804878048780488	123	137.5121951219512
151.5	1.0	4	347.25
77.7	0.8780487804878049	41	185.85365853658536
123.3	0.75	8	295.5
302.6	1.0	2	665.5
283.5	1.0	1	710.0
201.3	1.0	1	393.0
261.9	1.0	1	510.0
83.0	0.8333333333333334	30	207.86666666666667
71.4	0.84375	64	169.75
199.2	1.0	1	754.0
334.9	1.0	1	653.0
115.1	1.0	10	253.9
148.2	0.75	4	382.75
180.9	1.0	2	393.0
184.7	1.0	4	442.0
307.6	1.0	1	613.0
89.3	0.9354838709677419	31	214.5483870967742
152.4	1.0	3	348.3333333333333
153.0	1.0	3	349.0
231.2	1.0	1	630.0
212.7	1.0	1	406.0
116.6	1.0	12	284.5
86.9	0.8857142857142857	35	206.17142857142858
80.6	0.972972972972973	37	199.48648648648648
117.0	1.0	13	295.7692307692308
176.5	1.0	2	386.5
162.2	1.0	3	366.6666666666667
137.1	0.5	2	292.5
130.5	1.0	11	306.54545454545456
139.1	1.0	2	310.5
71.7	0.9180327868852459	61	168.63934426229508
138.5	1.0	6	317.3333333333333
96.4	0.95	20	215.25
143.9	1.0	3	329.6666666666667
94.6	0.8857142857142857	35	228.34285714285716
85.1	1.0	25	193.76
237.0	1.0	1	508.0
136.8	1.0	5	306.0
53.9	0.8333333333333334	126	139.71428571428572
68.9	0.9193548387096774	62	167.32258064516128
77.8	0.8148148148148148	27	194.59259259259258
166.3	1.0	2	436.0
86.5	0.8636363636363636	22	209.27272727272728
61.2	0.896551724137931	87	153.88505747126436
147.4	1.0	3	399.3333333333333
164.6	1.0	2	334.0
47.0	0.6984126984126984	189	117.60846560846561
77.2	0.9	50	190.02
259.5	1.0	1	500.0
116.4	1.0	9	290.3333333333333
150.7	1.0	2	392.5
169.0	1.0	1	324.0
168.9	1.0	1	512.0
167.3	1.0	2	340.0
238.4	1.0	1	520.0
209.1	1.0	1	402.0
68.7	0.8382352941176471	68	168.22058823529412
43.0	0.7511520737327189	217	108.84331797235023
63.4	0.9354838709677419	62	163.7258064516129
130.8	0.75	4	307.25
161.0	1.0	2	340.0
195.7	1.0	2	480.5
105.5	1.0	8	244.625
176.7	1.0	1	344.0
120.1	1.0	9	286.0
159.5	1.0	5	373.2
129.2	0.8571428571428571	7	311.14285714285717
171.2	1.0	3	424.6666666666667
123.9	0.9	10	339.4
107.5	1.0	9	257.55555555555554
64.8	0.8703703703703703	108	161.9814814814815
108.6	0.9230769230769231	13	302.15384615384613
137.2	1.0	3	334.6666666666667
114.1	0.8571428571428571	7	265.0
111.4	1.0	11	267.54545454545456
176.0	1.0	1	343.0
92.7	1.0	12	204.16666666666666
196.7	1.0	2	538.5
161.7	1.0	3	405.3333333333333
172.9	1.0	4	420.75
189.0	1.0	1	367.0
96.2	0.95	20	233.8
90.1	0.967741935483871	31	220.3548387096774
167.8	1.0	3	394.3333333333333
166.7	1.0	1	410.0
137.4	1.0	4	282.5
99.9	1.0	13	230.15384615384616
122.1	0.8888888888888888	9	299.55555555555554
55.9	0.8305084745762712	118	138.27966101694915
109.0	1.0	8	262.125
106.8	0.9473684210526315	19	251.52631578947367
63.5	0.8876404494382022	89	157.5056179775281
123.7	1.0	6	313.5
115.3	1.0	9	251.22222222222223
202.9	1.0	1	395.0
140.8	1.0	1	451.0
154.0	1.0	8	355.375
100.0	0.9166666666666666	12	250.83333333333334
64.3	0.8823529411764706	68	156.58823529411765
114.4	0.9166666666666666	12	265.1666666666667
199.6	1.0	3	483.3333333333333
173.0	1.0	3	378.6666666666667
160.9	1.0	2	323.5
50.6	0.7619047619047619	189	126.94179894179894
46.2	0.784037558685446	213	120.14553990610328
53.7	0.78125	128	135.6640625
134.2	1.0	4	291.75
72.0	0.8448275862068966	58	175.17241379310346
113.9	1.0	8	271.0
235.0	1.0	1	452.0
144.7	1.0	2	318.5
162.3	1.0	3	379.6666666666667
49.4	0.7784090909090909	176	126.98295454545455
115.5	1.0	7	296.2857142857143
145.2	1.0	4	372.5
38.6	0.6871657754010695	374	103.16310160427807
40.3	0.7116104868913857	267	107.36704119850187
85.0	0.9523809523809523	21	200.14285714285714
120.8	0.9166666666666666	12	295.1666666666667
149.0	1.0	3	350.3333333333333
133.1	1.0	5	314.6
165.7	1.0	3	408.3333333333333
93.8	0.9	20	242.05
110.5	1.0	19	248.21052631578948
113.1	0.9473684210526315	19	275.3157894736842
46.9	0.775	200	116.77
93.6	1.0	14	239.28571428571428
79.9	0.8787878787878788	33	198.03030303030303
64.0	0.8095238095238095	84	154.66666666666666
102.0	0.9411764705882353	17	239.88235294117646
92.0	0.9666666666666667	30	215.83333333333334
48.4	0.7771084337349398	166	122.7710843373494
66.5	0.9402985074626866	67	162.53731343283582
89.0	0.8095238095238095	21	217.61904761904762
54.2	0.8067226890756303	119	137.16806722689077
115.0	1.0	8	273.625
51.6	0.8478260869565217	138	127.94927536231884
50.7	0.7712418300653595	153	125.73856209150327
77.3	0.875	32	213.53125
179.2	1.0	3	512.3333333333334
136.7	1.0	6	303.1666666666667
49.2	0.7954545454545454	176	128.2215909090909
71.5	0.8372093023255814	43	173.06976744186048
86.1	0.9	30	214.93333333333334
132.5	1.0	5	301.2
42.9	0.7612612612612613	222	107.76576576576576
94.0	0.95	20	231.15
83.7	0.9117647058823529	34	205.02941176470588
127.9	1.0	5	301.6
112.5	0.9444444444444444	18	279.94444444444446
56.8	0.8073394495412844	109	138.71559633027522
110.1	1.0	14	274.57142857142856
63.1	0.7945205479452054	73	158.05479452054794
87.0	0.9615384615384616	26	211.5
115.9	1.0	8	280.0
129.6	1.0	5	321.8
228.7	1.0	1	437.0
242.4	1.0	1	466.0
43.6	0.7975206611570248	242	115.08677685950413
93.0	0.96	25	221.8
130.7	1.0	5	325.2
114.2	1.0	5	261.8
99.1	1.0	19	249.10526315789474
54.0	0.8273381294964028	139	141.59712230215828
97.1	0.95	20	227.25
67.2	0.8923076923076924	65	162.16923076923078
111.9	1.0	16	268.1875
129.0	1.0	6	291.0
146.2	1.0	3	367.6666666666667
78.9	0.8717948717948718	39	188.66666666666666
63.8	0.8169014084507042	71	163.28169014084506
46.8	0.7189189189189189	185	117.46486486486486
127.1	1.0	6	287.1666666666667
94.9	1.0	15	221.6
126.7	1.0	9	293.55555555555554
131.1	1.0	7	296.42857142857144
81.5	0.8709677419354839	31	207.4516129032258
100.3	1.0	11	237.0909090909091
73.9	0.9069767441860465	43	176.37209302325581
79.0	0.9433962264150944	53	187.9245283018868
79.2	0.8979591836734694	49	187.20408163265307
77.6	0.8979591836734694	49	192.14285714285714
94.8	1.0	17	219.94117647058823
134.1	1.0	4	379.0
98.0	0.9285714285714286	14	222.64285714285714
78.0	0.8444444444444444	45	186.46666666666667
65.5	0.9154929577464789	71	160.14084507042253
145.6	1.0	2	382.0
172.7	1.0	4	419.25
73.5	0.9661016949152542	59	175.28813559322035
106.7	0.9090909090909091	11	270.3636363636364
79.1	0.8888888888888888	45	185.93333333333334
74.5	0.9591836734693877	49	173.08163265306123
95.3	1.0	18	232.22222222222223
44.9	0.7222222222222222	198	114.9949494949495
310.9	1.0	1	603.0
111.0	1.0	10	248.7
129.7	1.0	3	301.3333333333333
89.9	1.0	26	210.73076923076923
66.6	0.8771929824561403	57	164.50877192982455
65.8	0.8933333333333333	75	161.42666666666668
87.4	0.9629629629629629	27	210.2962962962963
27.0	0.556732223903177	661	73.4947049924357
231.1	1.0	1	516.0
288.7	1.0	1	560.0
105.4	0.9333333333333333	15	264.26666666666665
87.1	1.0	17	210.76470588235293
79.4	0.9310344827586207	29	188.31034482758622
127.3	1.0	8	324.875
206.9	1.0	1	400.0
39.5	0.7256317689530686	277	103.1841155234657
116.8	0.9090909090909091	11	297.09090909090907
162.8	1.0	3	368.6666666666667
210.6	1.0	1	403.0
128.9	1.0	6	324.6666666666667
102.8	0.9333333333333333	15	237.66666666666666
113.2	1.0	8	252.75
87.9	0.9411764705882353	34	204.8235294117647
90.5	1.0	27	202.5185185185185
83.1	0.9047619047619048	21	191.42857142857142
103.8	0.9333333333333333	15	252.33333333333334
112.3	0.8888888888888888	18	267.3888888888889
103.0	1.0	13	234.92307692307693
86.4	1.0	24	216.25
52.3	0.8513513513513513	148	127.52027027027027
78.2	0.9090909090909091	44	187.70454545454547
91.9	1.0	20	212.45
59.4	0.8367346938775511	98	150.81632653061226
4.4	0.29205607476635514	1284	19.660436137071652
41.8	0.7322834645669292	254	106.42913385826772
37.8	0.6732394366197183	355	99.26478873239436
239.2	1.0	1	837.0
3.9	0.3113964686998395	623	17.208667736757626
170.5	1.0	2	618.0
134.8	1.0	1	455.0
3.4	0.3678571428571429	280	12.414285714285715
98.1	1.0	18	226.33333333333334
0.7	0.07692307692307693	52	1.8076923076923077
128.7	0.6	5	281.0
151.7	1.0	3	359.0
49.8	0.8011695906432749	171	129.78362573099415
89.1	0.8235294117647058	17	233.05882352941177
64.7	0.8875	80	163.6125
154.1	1.0	3	407.3333333333333
130.1	1.0	5	311.8
105.8	1.0	9	253.44444444444446
119.7	1.0	13	284.3076923076923
108.4	0.9375	16	262.125
101.2	0.9333333333333333	15	247.13333333333333
36.4	0.6243093922651933	362	98.22375690607734
120.3	1.0	8	268.875
134.6	1.0	4	293.75
138.2	1.0	3	311.0
61.6	0.8375	80	149.3125
126.8	1.0	7	279.85714285714283
78.5	0.9743589743589743	39	194.15384615384616
102.4	1.0	13	242.92307692307693
96.3	0.8823529411764706	17	220.88235294117646
131.7	1.0	6	301.3333333333333
83.5	0.9210526315789473	38	195.60526315789474
118.2	1.0	7	272.7142857142857
124.5	0.8	5	381.8
154.5	0.5	2	355.5
129.9	1.0	3	342.3333333333333
88.4	0.9310344827586207	29	212.89655172413794
98.2	1.0	21	246.38095238095238
93.9	0.9047619047619048	21	218.28571428571428
133.2	1.0	6	288.3333333333333
148.1	1.0	5	346.2
65.4	0.8850574712643678	87	160.93103448275863
145.0	0.8	5	360.0
152.3	1.0	4	359.0
97.3	0.9411764705882353	17	227.2941176470588
151.4	1.0	2	336.5
155.6	1.0	2	344.5
142.5	1.0	5	359.4
140.9	1.0	4	312.5
139.9	1.0	5	309.2
85.2	0.9743589743589743	39	207.23076923076923
95.6	0.9615384615384616	26	223.5
106.3	1.0	19	253.47368421052633
133.6	1.0	9	324.22222222222223
137.8	1.0	3	325.3333333333333
113.8	1.0	9	246.55555555555554
171.7	1.0	2	418.5
131.2	1.0	7	311.2857142857143
150.6	1.0	3	365.0
113.3	1.0	9	252.11111111111111
97.0	0.9310344827586207	29	221.20689655172413
74.7	0.9354838709677419	31	179.74193548387098
76.7	0.8974358974358975	39	178.17948717948718
80.2	0.851063829787234	47	193.46808510638297
114.7	1.0	6	271.6666666666667
137.3	1.0	5	309.4
124.8	1.0	5	283.8
116.0	1.0	9	264.55555555555554
80.1	0.8958333333333334	48	196.45833333333334
113.6	0.9	10	265.9
88.7	0.896551724137931	29	208.31034482758622
89.7	1.0	15	208.06666666666666
126.0	1.0	6	309.8333333333333
119.3	1.0	10	258.8
136.4	1.0	7	317.42857142857144
135.7	1.0	8	315.375
112.0	0.9375	16	278.6875
98.9	0.875	16	264.0
81.0	0.8727272727272727	55	191.4
97.8	0.9473684210526315	19	234.21052631578948
67.5	0.7903225806451613	62	162.5483870967742
66.0	0.8392857142857143	56	153.80357142857142
82.4	0.9259259259259259	27	203.85185185185185
87.6	0.9655172413793104	29	209.51724137931035
75.1	0.8809523809523809	42	178.6904761904762
127.0	0.875	8	313.125
130.4	1.0	9	325.22222222222223
80.8	0.9696969696969697	33	188.45454545454547
105.0	0.9090909090909091	11	243.54545454545453
77.9	0.9111111111111111	45	186.8
92.3	0.9230769230769231	13	213.0
67.6	0.8428571428571429	70	162.42857142857142
87.7	1.0	30	202.1
67.7	0.9375	80	161.2875
163.3	1.0	3	401.0
79.3	0.8974358974358975	39	187.56410256410257
164.7	1.0	3	361.3333333333333
164.3	1.0	2	375.5
116.3	1.0	12	292.9166666666667
91.3	1.0	25	208.76
97.2	1.0	13	233.84615384615384
115.8	1.0	11	295.3636363636364
1.8	0.26865671641791045	67	6.492537313432836
54.7	0.7941176470588235	102	133.7058823529412
47.8	0.8102564102564103	195	126.8
132.3	1.0	7	310.57142857142856
208.7	1.0	1	477.0
83.3	0.9722222222222222	36	201.08333333333334
110.7	1.0	12	250.58333333333334
114.8	1.0	9	262.0
135.6	0.75	4	289.75
75.5	0.9361702127659575	47	186.68085106382978
130.6	1.0	7	326.42857142857144
158.3	1.0	2	457.0
84.0	0.9047619047619048	21	202.33333333333334
123.5	1.0	7	290.14285714285717
148.4	0.75	4	322.5
116.2	1.0	7	281.2857142857143
104.6	0.8461538461538461	13	256.53846153846155
156.3	1.0	2	347.0
133.8	0.5	2	368.5
83.9	0.967741935483871	31	199.5483870967742
86.6	1.0	30	208.56666666666666
115.7	1.0	5	281.4
74.0	0.9814814814814815	54	176.2037037037037
109.4	1.0	14	260.92857142857144
88.0	0.8857142857142857	35	210.82857142857142
106.9	0.8	5	245.2
120.9	0.8888888888888888	9	293.77777777777777
73.8	0.8620689655172413	58	180.5344827586207
54.9	0.8106060606060606	132	140.58333333333334
97.5	0.9615384615384616	26	233.69230769230768
99.0	0.95	20	251.9
86.0	0.875	16	205.5
150.3	1.0	5	396.8
145.5	1.0	3	384.3333333333333
104.2	0.8888888888888888	9	256.0
183.8	1.0	1	412.0
175.5	1.0	2	393.5
153.8	1.0	3	367.3333333333333
119.8	0.8461538461538461	13	279.84615384615387
77.0	0.9423076923076923	52	190.6346153846154
259.2	1.0	1	667.0
137.5	1.0	4	317.25
149.1	1.0	2	444.5
123.2	1.0	10	309.5
139.8	1.0	2	313.5
120.7	1.0	9	288.1111111111111
87.2	0.76	25	226.28
185.5	1.0	3	411.0
107.4	1.0	16	258.625
72.4	0.8979591836734694	49	177.9387755102041
218.8	1.0	1	544.0
259.7	1.0	1	726.0
166.6	1.0	3	488.6666666666667
151.9	1.0	4	364.75
259.0	1.0	1	727.0
358.7	1.0	1	795.0
197.7	1.0	2	527.5
102.9	1.0	11	248.54545454545453
149.7	1.0	3	359.6666666666667
266.2	1.0	1	751.0
291.0	1.0	1	904.0
220.4	1.0	1	630.0
254.2	1.0	1	716.0
187.6	1.0	1	483.0
245.2	1.0	1	695.0
185.6	1.0	2	450.0
146.8	1.0	3	329.0
200.4	1.0	1	427.0
161.2	0.75	4	382.25
105.2	1.0	19	260.7368421052632
160.2	1.0	3	400.0
141.2	1.0	2	312.5
81.7	0.9056603773584906	53	196.8490566037736
126.5	1.0	11	316.3636363636364
100.4	1.0	15	263.6666666666667
117.1	1.0	13	287.53846153846155
209.3	1.0	2	520.5
176.9	1.0	2	441.0
169.3	1.0	1	426.0
121.7	1.0	8	295.0
243.9	1.0	1	672.0
264.2	1.0	1	756.0
288.4	1.0	1	818.0
261.6	1.0	1	716.0
250.1	1.0	1	706.0
223.9	1.0	1	613.0
228.4	1.0	1	629.0
144.5	0.8333333333333334	6	351.1666666666667
117.3	1.0	5	278.8
217.8	1.0	1	618.0
156.8	1.0	1	434.0
128.3	1.0	5	325.2
103.1	1.0	20	237.45
208.2	1.0	1	812.0
225.8	1.0	2	525.0
109.5	0.9	10	258.8
167.1	1.0	6	420.1666666666667
122.9	1.0	7	285.57142857142856
95.4	0.95	20	239.8
288.6	1.0	1	731.0
55.8	0.8828125	128	141.7265625
79.5	0.9523809523809523	42	194.64285714285714
147.6	1.0	2	341.0
288.1	1.0	1	696.0
179.0	1.0	2	494.0
88.2	0.8928571428571429	28	215.64285714285714
162.1	1.0	1	443.0
46.6	0.7962962962962963	216	113.31481481481481
119.6	0.9090909090909091	11	281.09090909090907
188.8	1.0	1	473.0
156.4	1.0	3	346.6666666666667
93.4	0.95	20	225.6
86.7	0.9259259259259259	27	220.5185185185185
204.5	1.0	1	545.0
128.0	1.0	3	340.3333333333333
234.8	1.0	1	649.0
128.2	1.0	3	320.0
148.7	1.0	2	338.5
86.8	0.9459459459459459	37	203.59459459459458
180.5	1.0	2	432.0
90.8	1.0	23	228.69565217391303
194.8	1.0	1	533.0
101.9	1.0	18	245.33333333333334
201.0	1.0	1	672.0
69.1	0.8958333333333334	48	170.04166666666666
114.6	1.0	13	281.6923076923077
57.7	0.8279569892473119	93	142.23655913978496
74.8	0.8627450980392157	51	183.37254901960785
107.2	0.9375	16	259.125
73.7	0.918918918918919	37	185.02702702702703
119.0	1.0	6	268.8333333333333
100.1	0.8823529411764706	17	230.94117647058823
130.3	1.0	7	347.7142857142857
98.5	0.9473684210526315	19	249.3684210526316
195.2	1.0	1	428.0
155.5	1.0	6	359.3333333333333
100.9	0.9444444444444444	18	229.61111111111111
99.4	0.9375	16	243.75
195.5	1.0	1	605.0
186.4	1.0	1	510.0
133.9	0.8	5	308.4
90.6	0.8947368421052632	19	230.21052631578948
145.7	1.0	3	339.6666666666667
333.4	1.0	1	717.0
95.1	0.9473684210526315	19	220.42105263157896
173.2	0.5	2	439.5
112.9	1.0	6	259.5
193.4	1.0	3	480.0
186.3	1.0	1	588.0
71.6	0.7551020408163265	49	175.0408163265306
104.7	0.9523809523809523	21	257.9047619047619
68.1	0.8181818181818182	55	167.8181818181818
122.5	1.0	11	291.8181818181818
58.1	0.8617021276595744	94	144.39361702127658
91.5	0.9230769230769231	26	231.76923076923077
149.5	1.0	2	337.5
174.9	1.0	1	493.0
173.4	1.0	2	514.5
107.9	0.9333333333333333	15	277.8666666666667
91.7	0.9523809523809523	21	224.1904761904762
177.1	1.0	1	815.0
188.4	1.0	3	468.3333333333333
164.9	1.0	3	379.6666666666667
105.3	1.0	13	261.2307692307692
105.7	1.0	19	245.57894736842104
135.1	1.0	5	319.0
106.6	1.0	11	244.36363636363637
101.8	0.8888888888888888	18	246.72222222222223
138.6	1.0	9	337.77777777777777
132.7	1.0	4	334.25
96.7	0.9444444444444444	18	233.44444444444446
127.2	1.0	7	340.0
78.3	0.9459459459459459	37	193.24324324324326
128.5	1.0	3	291.0
103.4	1.0	10	255.6
134.4	1.0	3	336.0
69.6	0.8363636363636363	55	169.29090909090908
70.2	0.9193548387096774	62	165.91935483870967
167.7	1.0	2	394.5
118.6	0.9230769230769231	13	279.0769230769231
143.7	1.0	2	318.5
101.5	0.9230769230769231	13	274.15384615384613
112.6	1.0	5	280.0
175.2	1.0	2	385.0
146.3	1.0	2	330.5
151.1	1.0	4	433.75
145.3	1.0	4	332.5
87.8	0.9545454545454546	22	204.63636363636363
112.2	1.0	11	262.45454545454544
135.5	1.0	4	320.5
142.7	1.0	7	353.85714285714283
101.4	0.8333333333333334	12	254.75
104.4	1.0	12	228.5
83.4	0.9393939393939394	33	202.6969696969697
137.6	0.8333333333333334	6	310.3333333333333
122.7	1.0	5	270.0
104.0	0.9090909090909091	22	240.5
95.8	1.0	18	233.55555555555554
136.0	1.0	4	310.75
171.0	1.0	3	402.0
153.3	1.0	3	420.6666666666667
176.2	1.0	2	496.0
116.5	1.0	10	270.7
129.4	1.0	8	323.0
109.9	0.9166666666666666	12	246.41666666666666
167.9	1.0	3	457.3333333333333
166.4	1.0	2	377.0
187.5	1.0	2	460.5
177.3	1.0	2	398.5
129.1	1.0	5	272.6
167.0	1.0	2	392.0
191.5	1.0	2	432.0
170.9	1.0	3	404.3333333333333
145.4	1.0	2	364.5
124.6	1.0	5	291.8
106.2	0.8333333333333334	12	239.0
159.0	1.0	2	329.5
152.7	1.0	4	369.5
160.8	1.0	3	336.3333333333333
147.3	1.0	4	334.0
102.5	1.0	15	244.2
95.5	1.0	19	234.10526315789474
120.4	1.0	10	288.7
120.2	0.875	8	284.25
138.7	1.0	3	306.3333333333333
82.8	0.8571428571428571	28	200.5
126.4	1.0	8	307.75
127.4	1.0	6	283.8333333333333
146.9	1.0	3	344.6666666666667
146.4	1.0	5	386.4
85.6	0.9166666666666666	24	201.20833333333334
143.3	1.0	4	337.25
232.4	1.0	1	539.0
125.9	0.875	8	313.125
136.9	0.8571428571428571	7	296.85714285714283
80.4	0.90625	32	192.84375
156.1	0.6666666666666666	3	349.0
130.0	0.7142857142857143	7	306.14285714285717
98.8	0.9411764705882353	17	225.58823529411765
155.1	0.75	4	344.75
99.5	1.0	21	239.76190476190476
101.1	1.0	14	260.5
126.9	1.0	7	306.2857142857143
121.3	1.0	8	315.0
109.8	0.9	10	244.5
157.7	1.0	5	407.2
96.1	1.0	21	224.28571428571428
124.0	0.8571428571428571	7	290.85714285714283
133.5	1.0	4	303.5
121.5	1.0	3	285.3333333333333
107.7	0.8571428571428571	7	266.2857142857143
143.8	1.0	3	324.6666666666667
131.9	1.0	1	289.0
97.6	1.0	19	247.89473684210526
110.6	0.9375	16	254.75
128.1	0.6666666666666666	3	301.6666666666667
157.0	1.0	3	364.0
96.0	0.9565217391304348	23	227.47826086956522
120.5	1.0	7	271.57142857142856
108.1	1.0	10	279.2
126.1	1.0	7	303.57142857142856
108.7	0.875	8	266.25
124.4	1.0	5	302.4
122.0	1.0	2	359.0
211.1	1.0	1	474.0
115.4	1.0	6	309.6666666666667
125.7	1.0	8	298.5
152.8	0.8	5	333.0
125.1	1.0	7	303.85714285714283
155.0	1.0	5	366.8
100.5	0.9333333333333333	15	232.93333333333334
143.2	1.0	3	304.6666666666667
118.8	0.8333333333333334	6	294.0
2.4	0.0	5	7.6
108.0	1.0	7	235.57142857142858
109.2	1.0	10	280.7
95.9	0.85	20	220.9
112.8	1.0	4	254.25
118.3	0.8	5	272.4
132.0	1.0	4	365.5
126.2	0.6666666666666666	3	287.6666666666667
77.4	0.8947368421052632	38	187.68421052631578
94.4	0.9523809523809523	21	222.23809523809524
104.5	0.9166666666666666	12	258.3333333333333
119.4	1.0	10	286.1
129.8	1.0	7	308.2857142857143
108.5	1.0	18	257.3888888888889
110.3	1.0	10	262.8
170.6	1.0	4	380.5
99.3	1.0	19	233.57894736842104
170.4	1.0	1	388.0
148.6	1.0	4	352.0
165.4	1.0	2	351.0
148.0	1.0	4	359.25
152.0	1.0	3	366.3333333333333
133.3	1.0	2	334.5
157.3	1.0	4	415.25
147.5	1.0	4	341.25
98.6	1.0	25	240.72
112.7	1.0	13	268.61538461538464
105.1	0.5	4	229.25
113.0	1.0	6	278.8333333333333
139.3	1.0	3	331.6666666666667
133.0	1.0	5	304.4
95.2	0.9	20	231.5
164.5	1.0	1	361.0
131.8	1.0	2	310.0
184.9	1.0	2	463.5
170.0	1.0	4	382.75
139.7	1.0	7	332.42857142857144
136.2	1.0	3	357.3333333333333
151.8	1.0	4	339.5
125.0	1.0	7	281.0
141.1	1.0	4	367.5
136.5	1.0	5	349.2
146.1	1.0	4	423.25
123.6	1.0	4	309.5
111.6	0.9090909090909091	11	249.72727272727272
137.7	1.0	7	316.42857142857144
152.2	1.0	1	373.0
150.2	1.0	3	378.0
165.1	1.0	2	383.0
158.0	1.0	3	337.3333333333333
153.6	1.0	3	387.0
121.0	1.0	5	306.8
126.6	1.0	6	320.3333333333333
147.8	1.0	4	339.25
97.9	0.875	16	232.1875
127.7	1.0	7	306.0
119.1	0.8	5	332.6
124.3	1.0	6	308.3333333333333
122.2	1.0	6	310.0
114.3	1.0	9	300.1111111111111
101.0	0.8	10	262.4
190.7	1.0	1	468.0
119.5	1.0	3	297.3333333333333
141.3	1.0	8	357.375
138.3	1.0	5	345.8
154.2	1.0	1	425.0
149.6	1.0	3	355.6666666666667
143.0	1.0	3	333.6666666666667
154.7	1.0	2	376.5
139.2	1.0	7	342.2857142857143
125.5	1.0	4	300.5
161.4	1.0	2	465.5
162.9	1.0	1	377.0
132.9	1.0	5	330.6
135.8	1.0	5	311.6
253.2	1.0	1	604.0
179.4	1.0	1	395.0
199.5	1.0	1	495.0
208.0	1.0	1	513.0
278.0	1.0	1	683.0
133.4	1.0	2	318.5
235.9	1.0	1	564.0
318.7	1.0	1	781.0
140.4	1.0	2	315.0
266.5	1.0	1	638.0
214.3	1.0	1	523.0
183.2	1.0	2	552.5
222.5	1.0	1	533.0
249.8	1.0	1	601.0
141.0	1.0	7	317.85714285714283
185.0	1.0	1	426.0
160.6	1.0	3	364.3333333333333
220.7	1.0	1	522.0
168.0	1.0	3	367.6666666666667
147.1	1.0	4	330.5
163.6	1.0	4	381.75
175.1	1.0	1	391.0
215.6	1.0	1	498.0
143.5	1.0	1	313.0
212.0	1.0	1	476.0
214.0	1.0	1	485.0
135.3	1.0	2	353.5
267.7	1.0	1	635.0
221.3	1.0	2	512.0
179.3	1.0	2	389.5
172.6	1.0	1	539.0
140.6	1.0	2	346.0
154.8	1.0	1	347.0
146.0	1.0	3	341.3333333333333
217.1	1.0	1	512.0
161.1	1.0	1	521.0
198.0	1.0	1	510.0
156.0	1.0	2	383.5
195.1	1.0	3	419.6666666666667
144.3	1.0	1	326.0
168.1	1.0	3	438.6666666666667
167.5	1.0	3	571.6666666666666
184.1	0.5	2	402.5
181.9	1.0	2	503.5
110.8	1.0	6	266.8333333333333
145.8	1.0	3	392.3333333333333
152.9	1.0	4	338.5
146.5	1.0	4	337.5
138.0	1.0	4	309.75
158.8	1.0	1	353.0
177.6	1.0	1	425.0
166.5	0.0	1	349.0
121.6	1.0	4	276.75
161.6	1.0	3	342.6666666666667
125.2	1.0	3	309.3333333333333
169.6	1.0	2	403.5
140.5	1.0	4	316.0
140.3	1.0	4	337.25
125.3	1.0	6	315.1666666666667
164.2	1.0	3	336.6666666666667
157.6	1.0	2	376.0
145.1	1.0	3	324.0
154.6	1.0	3	377.6666666666667
149.2	1.0	2	357.0
148.5	1.0	3	373.0
136.6	1.0	4	321.25
167.2	1.0	1	372.0
163.0	1.0	4	443.5
141.9	1.0	2	348.5
153.9	1.0	1	316.0
143.6	1.0	2	355.0
176.3	1.0	2	397.0
232.1	1.0	1	554.0
157.2	1.0	2	454.5
186.1	1.0	1	391.0
180.6	1.0	1	432.0
180.3	1.0	1	392.0
180.8	1.0	1	573.0
169.7	1.0	1	374.0
206.2	1.0	1	484.0
149.4	1.0	3	335.3333333333333
121.1	1.0	2	272.5
189.1	1.0	1	401.0
160.3	1.0	1	380.0
188.5	1.0	1	422.0
252.2	1.0	1	617.0
131.3	1.0	2	302.0
201.5	1.0	1	540.0
192.2	0.5	2	428.5
159.6	1.0	1	468.0
209.2	1.0	1	442.0
173.6	1.0	1	422.0
122.8	1.0	3	292.6666666666667
185.8	1.0	1	455.0
114.9	1.0	11	318.09090909090907
235.3	1.0	1	757.0
166.2	1.0	2	484.5
191.7	1.0	2	517.5
163.5	1.0	2	404.0
185.7	1.0	1	404.0
190.8	1.0	1	407.0
124.9	1.0	3	281.6666666666667
217.2	1.0	2	510.5
191.9	1.0	1	491.0
184.8	1.0	2	471.0
194.6	1.0	1	407.0
189.2	1.0	1	398.0
175.4	1.0	1	535.0
251.7	1.0	1	608.0
200.6	1.0	1	475.0
145.9	1.0	1	367.0
142.0	1.0	3	380.0
185.1	1.0	2	467.0
141.7	1.0	2	331.5
150.5	1.0	5	386.4
144.8	1.0	2	308.0
182.1	1.0	1	416.0
174.3	1.0	1	390.0
178.5	1.0	1	400.0
197.8	1.0	1	447.0
132.1	1.0	2	388.0
175.9	1.0	1	440.0
174.0	1.0	1	356.0
180.0	1.0	1	373.0
134.5	1.0	5	340.0
174.8	1.0	2	401.0
287.2	1.0	1	608.0
183.3	1.0	1	491.0
222.2	1.0	2	533.0
159.9	1.0	2	455.0
236.9	0.0	1	568.0
228.3	1.0	1	526.0
171.6	1.0	1	546.0
167.6	0.6666666666666666	3	419.6666666666667
270.5	0.0	1	561.0
163.2	1.0	2	370.5
154.9	1.0	1	456.0
144.6	1.0	2	440.5
158.5	0.5	2	446.0
206.6	1.0	1	546.0
153.4	1.0	1	449.0
213.8	1.0	1	451.0
179.8	1.0	1	567.0
157.5	1.0	4	382.75
201.4	1.0	1	427.0
201.8	1.0	1	654.0
171.5	1.0	1	359.0
150.0	0.6666666666666666	3	346.0
263.9	1.0	1	552.0
205.8	1.0	1	533.0
210.8	1.0	1	509.0
213.4	1.0	1	486.0
125.8	1.0	3	280.3333333333333
142.6	1.0	1	529.0
150.8	1.0	3	355.0
165.5	1.0	1	343.0
290.8	1.0	1	639.0
286.2	1.0	1	604.0
259.3	1.0	1	549.0
178.0	1.0	2	431.5
175.3	1.0	1	359.0
273.4	1.0	1	578.0
316.9	1.0	1	676.0
271.6	1.0	1	580.0
277.9	1.0	1	593.0
237.3	1.0	1	505.0
233.1	0.0	1	491.0
240.8	1.0	1	515.0
177.8	0.0	1	370.0
187.7	1.0	1	383.0
184.0	1.0	2	415.5
201.2	1.0	1	426.0
221.0	1.0	1	453.0
179.9	1.0	3	406.6666666666667
213.9	1.0	1	445.0
171.1	1.0	2	492.5
185.9	1.0	1	394.0
215.9	1.0	1	451.0
260.7	1.0	1	554.0
212.8	1.0	1	445.0
122.6	0.8	5	264.8
224.0	1.0	1	458.0
142.3	1.0	4	333.5
224.3	1.0	1	474.0
182.4	1.0	1	515.0
176.1	1.0	1	480.0
189.7	1.0	1	502.0
180.4	1.0	1	505.0
224.2	1.0	1	608.0
153.2	0.6666666666666666	3	429.6666666666667
241.9	1.0	1	597.0
242.8	1.0	1	581.0
153.1	1.0	2	346.0
179.7	1.0	1	383.0
272.1	1.0	1	580.0
157.4	1.0	2	420.5
161.5	0.0	1	451.0
172.2	1.0	1	463.0
135.2	1.0	1	335.0
183.1	1.0	2	448.5
224.8	1.0	1	598.0
205.0	1.0	1	555.0
188.7	1.0	1	522.0
168.6	1.0	1	452.0
153.7	1.0	2	359.5
159.4	1.0	2	452.0
178.4	1.0	1	561.0
162.7	1.0	1	425.0
273.2	1.0	1	569.0
141.8	1.0	1	387.0
165.3	1.0	1	440.0
174.1	1.0	1	349.0
162.5	1.0	3	403.0
204.7	1.0	1	510.0
203.2	1.0	1	540.0
219.9	1.0	1	528.0
213.3	1.0	1	487.0
234.5	0.0	1	490.0
154.3	1.0	1	316.0
204.4	1.0	1	423.0
204.9	1.0	1	425.0
147.9	1.0	1	303.0
207.4	1.0	1	434.0
197.5	1.0	1	415.0
146.7	1.0	1	300.0
143.4	1.0	1	394.0
135.0	1.0	1	385.0
173.7	1.0	1	504.0
153.5	1.0	2	347.5
149.9	1.0	1	327.0
195.4	1.0	1	537.0
181.5	1.0	2	450.0
156.2	1.0	2	394.5
163.1	1.0	1	362.0
218.7	1.0	1	570.0
235.4	1.0	1	557.0
227.3	1.0	1	515.0
158.6	1.0	1	400.0
260.2	1.0	1	539.0
217.6	1.0	1	579.0
221.7	1.0	1	593.0
198.5	1.0	1	516.0
181.4	1.0	1	483.0
193.5	1.0	1	524.0
197.6	1.0	1	447.0
265.1	1.0	1	647.0
253.0	1.0	1	583.0
181.8	1.0	1	462.0
178.3	1.0	1	450.0
177.0	1.0	2	408.0
172.3	1.0	1	432.0
214.6	1.0	1	565.0
174.5	1.0	1	458.0
181.6	1.0	1	535.0
172.5	1.0	1	460.0
299.2	1.0	1	628.0
159.3	1.0	1	441.0
165.8	1.0	1	693.0
181.1	1.0	3	437.6666666666667
179.6	1.0	1	398.0
232.3	1.0	1	553.0
238.5	1.0	1	536.0
175.8	1.0	1	544.0
262.3	0.0	1	545.0
146.6	1.0	1	417.0
155.3	1.0	1	419.0
178.2	1.0	1	393.0
237.8	1.0	1	573.0
222.7	1.0	1	522.0
173.8	1.0	1	545.0
263.2	1.0	1	549.0
234.2	1.0	1	484.0
163.8	1.0	1	358.0
209.7	1.0	1	485.0
201.6	1.0	2	436.0
155.2	1.0	1	476.0
176.6	1.0	1	386.0
189.8	1.0	1	426.0
229.7	1.0	1	475.0
197.1	1.0	1	453.0
134.7	1.0	1	277.0
233.7	1.0	1	484.0
169.8	1.0	1	376.0
191.1	1.0	1	442.0
224.7	1.0	1	538.0
186.6	1.0	1	432.0
180.1	1.0	1	405.0
142.9	1.0	1	430.0
204.1	1.0	1	412.0
207.8	1.0	1	428.0
160.0	0.0	1	364.0
255.0	1.0	1	528.0
207.7	1.0	1	427.0
203.1	1.0	1	411.0
144.4	1.0	1	305.0
140.2	0.0	1	295.0
1.3	1.0	1	5.0
1.9	0.0	2	5.5
