p	linkRatio	samplenum
1.1	0.013960023945723028	240544
1.3	0.009948135637088826	301363
5.0	0.03928825622775801	14050
5.1	0.10507432086109687	3902
0.8	0.005516365616247335	585893
0.9	0.010615704441336122	311708
1.0	0.005493477201666274	619826
2.8	0.02604343551702565	55945
0.3	0.00092336180714379	1194548
3.9	0.07181452009038215	10179
1.4	0.01547061429488743	200897
0.1	0.00010150218600484151	2157589
0.6	0.005073340088102527	550722
5.6	0.09846650524616626	3717
3.0	0.020681818181818183	70400
3.5	0.0435550843714109	22638
2.3	0.019611706871875714	96422
2.7	0.02242918467685635	67323
7.7	0.08710462287104623	2055
2.0	0.011492943156804351	193075
3.7	0.03193888686795198	27490
1.7	0.013646756216061732	195944
0.2	0.00033754794017646224	1792338
0.5	0.003110316987624909	710217
0.4	0.0023335976653343265	749058
0.7	0.004686210252682675	649352
1.5	0.014328665321533452	200228
4.6	0.06761047896268854	7558
1.9	0.027120863191611236	85543
2.4	0.03010446826162781	59061
1.2	0.009555386113562308	350169
2.1	0.032935857758359124	65916
1.8	0.01528167850652569	169484
2.2	0.0202551358834104	104023
1.6	0.01808697441966669	155471
12.7	0.17829457364341086	258
4.3	0.03953671699714996	16491
2.9	0.05017120738424892	26868
4.8	0.059218559218559216	9828
15.4	0.4411764705882353	34
3.4	0.049455194439226004	21292
3.1	0.05291295407813571	21885
4.4	0.06890699253224712	8838
3.3	0.02945844879072395	37171
4.2	0.04705411890162623	15004
3.2	0.03371247334171816	36574
9.1	0.24050632911392406	316
44.2	1.0	1
2.5	0.02794272895223014	60624
8.1	0.210431654676259	556
9.4	0.2064343163538874	373
5.7	0.05695039804041641	6532
5.9	0.128584229390681	2232
4.7	0.04554471157660874	12603
2.6	0.033258531628419005	47236
5.5	0.07961714161409615	4597
7.5	0.10978184377199156	1421
3.8	0.04074260368558233	21869
13.4	0.4057971014492754	69
8.8	0.12921348314606743	890
9.3	0.10951327433628319	904
9.2	0.13428571428571429	700
4.9	0.08910015476453681	4523
6.1	0.13241525423728814	1888
4.1	0.07366226546212648	8634
9.8	0.19811320754716982	530
8.7	0.09870918754745633	1317
8.2	0.12908496732026145	1224
4.5	0.0606312292358804	9632
6.2	0.0870020964360587	3816
6.5	0.10282671036460467	2441
6.3	0.0610969682943763	4321
4.0	0.03024321702184604	29891
5.4	0.08498715853373803	4283
3.6	0.05248587570621469	17700
6.6	0.11451187335092348	1895
7.0	0.06660184735051045	4114
7.3	0.07171799027552674	2468
5.2	0.06212976994076319	7259
8.5	0.1613316261203585	781
5.3	0.05286616317939829	8077
8.9	0.25885558583106266	367
8.4	0.15902140672782875	654
6.8	0.10093109869646183	2685
5.8	0.07028820236367406	4823
6.0	0.04891674615070173	7339
6.9	0.1830238726790451	1131
13.7	0.12690355329949238	197
19.8	0.5925925925925926	27
0.0	3.150466269007813e-06	952240
10.5	0.19242902208201892	317
7.8	0.10351826792963464	1478
10.0	0.1051567239635996	989
12.2	0.22171945701357465	221
9.0	0.09507754551584625	1483
10.6	0.27530364372469635	247
11.8	0.26609442060085836	233
7.6	0.15885167464114833	1045
24.8	0.6666666666666666	12
6.4	0.11354961832061068	2096
14.0	0.20175438596491227	228
16.0	0.21428571428571427	154
12.6	0.2524271844660194	103
8.0	0.07186112232539363	2477
11.0	0.1310452418096724	641
11.6	0.32051282051282054	156
11.4	0.28846153846153844	156
8.6	0.19173553719008266	605
10.4	0.2324561403508772	228
76.0	1.0	2
7.4	0.13691026827012026	1081
7.2	0.09554455445544555	2020
13.8	0.1926605504587156	109
10.2	0.183585313174946	463
11.2	0.18596491228070175	285
12.8	0.26380368098159507	163
12.4	0.26126126126126126	111
9.5	0.1748971193415638	486
15.5	0.3384615384615385	65
18.1	0.6666666666666666	15
6.7	0.05802816901408451	3550
7.9	0.1949685534591195	636
7.1	0.18253968253968253	1008
8.3	0.09615384615384616	1508
10.3	0.10756302521008404	595
12.0	0.14390243902439023	410
23.3	0.5	26
9.6	0.18361581920903955	354
15.0	0.18994413407821228	179
11.1	0.3643410852713178	129
21.4	0.6666666666666666	9
13.0	0.14749262536873156	339
12.1	0.32926829268292684	82
10.1	0.3076923076923077	208
19.0	0.2542372881355932	59
32.8	1.0	3
11.7	0.14814814814814814	351
25.7	0.47058823529411764	17
13.3	0.16326530612244897	196
16.7	0.34782608695652173	92
15.6	0.5555555555555556	36
20.4	0.5	16
28.1	1.0	3
14.1	0.5833333333333334	36
75.9	1.0	1
16.4	0.6551724137931034	29
21.1	0.8461538461538461	13
14.4	0.45	60
12.3	0.1482758620689655	290
15.1	0.5925925925925926	27
13.9	0.48936170212765956	47
9.7	0.11577608142493638	786
21.3	0.4722222222222222	36
10.7	0.13894324853228962	511
10.8	0.21910112359550563	356
14.8	0.2891566265060241	83
11.5	0.24742268041237114	194
53.3	1.0	4
10.9	0.3037974683544304	158
20.9	1.0	4
16.1	0.6956521739130435	23
9.9	0.25688073394495414	218
22.3	0.4411764705882353	34
11.3	0.15456674473067916	427
14.3	0.14788732394366197	142
16.2	0.417910447761194	67
14.2	0.2222222222222222	99
22.0	0.5142857142857142	35
17.3	0.3493975903614458	83
24.7	0.38461538461538464	13
15.2	0.4235294117647059	85
26.0	0.6818181818181818	22
33.6	1.0	3
16.5	0.358974358974359	39
17.7	0.296875	64
24.6	0.8333333333333334	6
12.9	0.46774193548387094	62
27.2	0.8571428571428571	7
27.4	0.8571428571428571	7
13.2	0.21774193548387097	124
24.2	0.8333333333333334	12
33.7	0.4	5
24.0	0.5	28
61.0	1.0	2
12.5	0.23076923076923078	130
11.9	0.35789473684210527	95
14.5	0.35064935064935066	77
23.5	0.75	8
20.6	0.5789473684210527	19
18.8	0.59375	32
71.7	1.0	1
21.9	0.75	4
17.1	0.6428571428571429	14
15.9	0.5416666666666666	24
26.1	0.8333333333333334	6
15.8	0.38961038961038963	77
30.8	0.8181818181818182	11
19.4	0.7222222222222222	18
46.9	1.0	1
21.7	0.4074074074074074	27
19.3	0.375	48
22.7	0.3333333333333333	27
62.0	1.0	2
20.0	0.36507936507936506	63
29.2	0.8	5
38.0	0.6666666666666666	3
13.5	0.2920353982300885	113
30.3	1.0	6
14.7	0.22085889570552147	163
27.0	0.6111111111111112	18
18.4	0.5	34
26.4	0.8	5
105.8	1.0	1
17.8	0.4358974358974359	39
17.0	0.26548672566371684	113
13.1	0.32608695652173914	46
22.9	0.8181818181818182	11
46.8	1.0	1
20.8	0.75	12
33.8	1.0	5
16.6	0.5428571428571428	35
33.2	1.0	3
74.0	1.0	2
15.3	0.26785714285714285	112
43.3	1.0	5
76.3	1.0	3
16.3	0.25	96
18.5	0.52	25
28.0	0.6428571428571429	14
22.5	0.5	14
52.0	1.0	1
17.5	0.38461538461538464	26
18.7	0.34782608695652173	46
41.4	1.0	1
26.7	0.6	10
20.7	0.5	34
19.2	0.6666666666666666	27
94.8	1.0	1
17.2	0.4375	48
20.2	0.6428571428571429	14
26.2	0.75	8
16.8	0.46551724137931033	58
18.0	0.29333333333333333	75
14.6	0.32075471698113206	53
22.2	0.8	15
41.0	1.0	6
17.6	0.5172413793103449	29
18.3	0.3090909090909091	55
80.0	1.0	1
25.1	1.0	5
33.5	1.0	3
29.8	1.0	5
37.8	1.0	3
25.5	0.7777777777777778	9
24.4	0.6	5
21.6	0.7272727272727273	11
36.1	1.0	4
15.7	0.24107142857142858	112
25.3	0.5333333333333333	15
28.6	1.0	4
28.4	0.875	8
14.9	0.5172413793103449	29
30.2	0.9	10
23.0	0.4482758620689655	29
46.7	1.0	3
23.7	0.47058823529411764	17
24.3	0.42105263157894735	19
21.8	0.6363636363636364	22
57.6	1.0	2
22.8	0.5555555555555556	9
111.8	1.0	1
21.5	0.5789473684210527	19
18.2	0.21212121212121213	33
21.2	0.5	18
48.2	1.0	2
30.7	0.625	8
19.9	0.6	10
30.9	1.0	1
28.2	0.7142857142857143	7
23.4	0.625	8
31.0	0.8666666666666667	15
36.5	1.0	4
44.0	0.8	5
32.2	0.8333333333333334	6
35.7	1.0	4
43.4	1.0	2
32.0	0.6666666666666666	9
26.8	0.875	16
109.0	1.0	1
22.4	0.5555555555555556	9
18.6	0.65	20
75.7	1.0	1
27.8	0.75	8
29.3	0.5	8
31.3	1.0	7
46.3	1.0	3
33.0	0.8	5
13.6	0.3877551020408163	49
143.0	1.0	2
34.3	0.8333333333333334	6
39.0	0.8333333333333334	6
25.9	1.0	5
41.2	0.6666666666666666	3
25.6	0.7142857142857143	7
27.3	0.7142857142857143	14
85.3	1.0	1
30.0	0.5555555555555556	9
54.3	1.0	1
35.1	1.0	1
18.9	0.7272727272727273	11
49.3	1.0	1
43.9	1.0	2
139.3	1.0	1
32.3	0.45454545454545453	11
20.3	0.48	25
34.0	0.9	10
37.2	1.0	2
83.7	1.0	1
24.5	0.5	12
60.6	1.0	1
39.7	0.5	2
17.9	0.5	10
26.6	1.0	6
17.4	0.43478260869565216	23
107.8	1.0	1
25.0	0.6129032258064516	31
31.8	0.75	4
63.2	1.0	1
38.4	1.0	1
78.3	1.0	2
16.9	0.42857142857142855	21
32.6	1.0	1
39.4	1.0	1
21.0	0.4117647058823529	34
147.7	1.0	3
37.0	0.8333333333333334	6
19.7	0.23809523809523808	42
59.8	1.0	2
23.2	0.4444444444444444	9
20.5	0.7368421052631579	19
19.5	0.4444444444444444	18
38.7	1.0	6
43.0	1.0	1
42.7	1.0	3
51.2	1.0	1
40.7	1.0	3
28.7	0.4444444444444444	9
79.3	1.0	3
34.8	1.0	3
46.5	1.0	2
59.0	1.0	1
33.3	0.75	4
26.3	0.25	8
42.0	1.0	3
78.1	1.0	1
36.0	1.0	7
31.2	1.0	8
29.6	1.0	4
92.2	1.0	1
35.2	1.0	3
30.5	1.0	2
39.3	0.8333333333333334	6
27.7	0.5714285714285714	7
36.9	1.0	2
106.0	1.0	1
32.7	1.0	4
34.4	1.0	3
27.9	1.0	2
35.3	0.6666666666666666	3
113.5	1.0	1
29.5	0.75	4
51.6	1.0	1
26.5	0.4444444444444444	9
42.1	1.0	1
58.9	1.0	1
36.7	0.8	5
91.0	1.0	1
167.0	1.0	1
38.3	0.0	1
28.3	0.6363636363636364	11
87.8	1.0	1
22.6	0.6666666666666666	6
45.0	1.0	5
54.0	1.0	4
53.7	1.0	1
85.7	1.0	2
22.1	0.8	10
86.2	1.0	2
93.6	1.0	1
90.6	1.0	2
42.3	0.75	8
78.8	1.0	1
29.4	1.0	2
65.7	1.0	2
97.5	1.0	2
116.0	1.0	1
28.8	0.75	4
25.2	0.5294117647058824	17
60.2	1.0	2
38.8	1.0	1
40.9	1.0	3
32.5	1.0	2
19.1	0.7777777777777778	9
23.8	0.5833333333333334	12
29.0	0.625	8
35.4	1.0	4
61.3	1.0	1
36.3	0.6	5
58.5	1.0	2
23.1	0.3333333333333333	3
65.3	1.0	1
37.4	1.0	3
67.9	1.0	1
87.5	1.0	1
70.0	1.0	1
20.1	0.75	8
57.5	1.0	3
36.8	1.0	7
120.0	1.0	1
50.3	1.0	2
23.6	0.75	4
35.8	1.0	4
58.1	1.0	3
93.8	1.0	2
36.4	1.0	1
144.0	1.0	1
25.4	1.0	2
34.7	1.0	5
107.0	1.0	2
34.5	1.0	2
61.2	1.0	1
85.4	1.0	1
33.4	1.0	3
35.5	1.0	2
41.7	1.0	3
19.6	0.6875	16
73.3	1.0	1
53.9	1.0	1
89.2	1.0	1
37.5	1.0	3
28.9	1.0	4
70.2	1.0	1
43.8	1.0	3
40.2	1.0	3
31.5	0.75	4
68.0	1.0	2
73.8	1.0	2
51.0	1.0	2
56.4	1.0	1
24.1	0.8888888888888888	9
40.0	1.0	7
72.2	1.0	1
96.0	1.0	1
144.7	1.0	2
91.4	1.0	1
30.4	1.0	2
77.0	1.0	1
58.6	1.0	1
48.5	1.0	3
47.3	1.0	1
34.6	1.0	2
47.7	1.0	1
26.9	1.0	2
29.9	1.0	5
39.6	1.0	3
64.4	1.0	2
46.6	1.0	1
114.7	1.0	1
44.7	1.0	3
141.0	1.0	1
43.7	1.0	1
29.1	1.0	1
112.7	1.0	2
50.2	1.0	1
76.2	1.0	1
32.4	1.0	1
33.1	1.0	2
87.3	1.0	1
47.0	1.0	1
40.3	0.5	2
119.0	1.0	1
40.5	1.0	4
48.3	1.0	1
40.6	1.0	1
27.5	1.0	4
25.8	0.6	5
95.8	1.0	1
38.2	1.0	4
43.2	1.0	2
27.6	1.0	3
32.9	1.0	3
37.9	1.0	1
37.6	1.0	2
52.4	1.0	2
64.7	1.0	1
65.1	1.0	1
29.7	1.0	5
89.0	1.0	1
44.9	1.0	1
40.4	1.0	1
42.2	1.0	3
44.3	1.0	2
31.4	1.0	3
40.1	1.0	3
58.0	1.0	1
37.7	1.0	3
45.3	1.0	2
90.4	1.0	1
38.6	1.0	1
34.9	1.0	2
112.0	1.0	1
95.6	1.0	1
50.0	1.0	1
45.7	0.5	2
28.5	0.6	5
52.7	1.0	1
80.6	1.0	1
23.9	0.6666666666666666	3
65.4	1.0	2
52.2	1.0	1
47.6	1.0	1
84.1	1.0	1
24.9	0.5	2
42.5	1.0	1
36.2	0.0	1
129.5	1.0	1
108.0	1.0	1
41.8	1.0	4
59.2	1.0	2
69.0	1.0	1
30.6	1.0	1
70.8	1.0	1
56.2	1.0	1
45.2	1.0	1
78.5	1.0	1
97.0	1.0	1
55.0	1.0	1
115.2	1.0	1
42.9	1.0	2
68.2	1.0	1
71.0	1.0	1
34.2	1.0	3
53.6	1.0	1
52.3	1.0	1
55.6	1.0	1
66.2	1.0	1
45.5	1.0	1
32.1	1.0	1
142.0	1.0	2
35.0	0.6666666666666666	3
38.5	1.0	2
52.8	1.0	1
43.5	1.0	1
60.5	1.0	1
31.6	1.0	1
58.7	1.0	1
86.8	1.0	2
56.0	1.0	2
65.2	1.0	1
52.1	1.0	1
53.2	1.0	1
66.5	1.0	1
113.0	1.0	1
68.7	1.0	1
162.7	1.0	1
79.0	1.0	1
108.5	1.0	1
34.1	1.0	1
31.9	1.0	1
115.3	1.0	1
94.2	1.0	1
74.5	1.0	1
37.3	1.0	2
53.0	1.0	2
68.3	1.0	1
160.3	1.0	1
91.5	1.0	1
73.2	1.0	1
56.3	1.0	1
41.1	1.0	1
78.4	1.0	1
58.3	1.0	1
117.7	1.0	1
62.4	1.0	1
112.8	1.0	1
156.7	1.0	2
57.7	1.0	1
83.0	1.0	1
66.3	1.0	1
41.3	1.0	3
148.3	1.0	1
31.7	0.6666666666666666	3
84.3	1.0	1
60.0	1.0	1
56.7	1.0	2
27.1	1.0	2
39.1	1.0	1
149.7	1.0	1
48.7	1.0	1
63.3	1.0	1
58.4	1.0	1
64.8	1.0	1
39.8	1.0	2
149.0	1.0	1
50.7	1.0	1
87.6	1.0	1
95.5	1.0	1
45.1	1.0	1
118.3	1.0	1
50.8	1.0	1
125.0	1.0	1
47.8	1.0	2
57.8	1.0	1
64.2	1.0	1
69.3	1.0	1
58.8	1.0	1
107.7	1.0	1
56.5	1.0	1
115.7	1.0	1
116.2	1.0	1
101.0	1.0	1
72.3	1.0	1
64.6	1.0	1
116.3	1.0	1
63.4	1.0	1
60.9	1.0	1
63.0	1.0	1
33.9	1.0	1
91.2	1.0	1
47.4	1.0	1
88.6	1.0	1
