p	linkRatio	samplenum
0.0	1.87826054291121e-06	4259260
0.2	0.00023247849738544012	1518420
0.1	4.170731671748834e-05	3428655
1.6	0.034289736542200175	59668
0.3	0.0006638448466886568	869179
0.4	0.0013080856481319557	571828
2.0	0.03835030805985163	39765
0.6	0.004807300312768046	306617
0.9	0.01621679091409416	159896
0.5	0.002578255323324502	407640
0.7	0.007293466844644553	238981
2.1	0.04117274952556451	36359
2.7	0.04928590204153159	22826
1.4	0.03087557603686636	75950
1.0	0.022710374629162033	135841
1.3	0.030441909863317327	86624
0.8	0.01087498906842395	194391
1.2	0.027668103927053146	99031
2.9	0.05167958656330749	20124
1.9	0.03905447070914697	43785
2.6	0.04848093083387201	24752
3.2	0.05624850083952986	16676
1.1	0.0260312340122959	115323
3.0	0.05255811456487894	18627
2.4	0.04587027367978414	28537
2.3	0.045135731913235486	30796
2.8	0.04798455453004332	21236
1.5	0.03262394412440677	67006
3.1	0.053255444646098	17632
3.5	0.059067209485036784	14001
1.8	0.03782154506792188	48438
3.6	0.06026550007542616	13258
4.6	0.07137637028014616	8210
3.8	0.06435436690346845	11965
3.7	0.05908670163529775	12964
1.7	0.03537501639467126	53371
3.9	0.061533113158352165	11506
2.2	0.043084786530366806	33260
8.0	0.12650853100291304	2403
4.2	0.07198542067429381	9877
4.5	0.07590375450424271	8603
4.0	0.06397400185701022	10770
2.5	0.047526382755781756	26722
4.1	0.07096398407921561	10301
17.4	0.24285714285714285	350
6.7	0.09884361233480177	3632
6.5	0.09361924686192469	3824
4.7	0.07489155396784894	7838
5.4	0.08363140861863397	5871
7.8	0.11718131433095803	2526
3.3	0.05374759769378604	15610
7.9	0.11593027969193352	2467
4.4	0.06907239318131503	9034
11.7	0.18336886993603413	938
9.9	0.15247252747252749	1456
11.8	0.16219119226638024	931
5.1	0.08237986270022883	6555
7.3	0.10403253134530667	2951
14.6	0.2164750957854406	522
6.0	0.08751608751608751	4662
9.3	0.15615431720759337	1633
6.1	0.08608830707787886	4507
5.3	0.08652719665271967	5975
7.6	0.12252252252252252	2775
10.6	0.1788879935535858	1241
7.7	0.12350904193920739	2599
8.1	0.12622601279317697	2345
7.2	0.10631229235880399	3010
6.6	0.10236011667992576	3771
5.0	0.08023340627279359	6855
5.2	0.08228643216080402	6368
9.8	0.14458641560188298	1487
13.3	0.17937219730941703	669
8.7	0.12864321608040202	1990
10.0	0.14453665283540804	1446
11.2	0.1457142857142857	1050
15.2	0.2782608695652174	460
4.8	0.07514139509830325	7426
5.5	0.08711985688729874	5590
7.0	0.11345974510413429	3217
11.5	0.16119402985074627	1005
5.7	0.08377458396369138	5288
10.7	0.1598962834917891	1157
8.8	0.125531914893617	1880
7.5	0.11866197183098591	2840
11.4	0.17298797409805736	1081
4.3	0.07228786251342642	9310
14.1	0.18604651162790697	559
5.8	0.09318637274549098	4990
3.4	0.058215708786384816	14807
6.4	0.10208757637474541	3928
17.6	0.24107142857142858	336
6.3	0.09690476190476191	4200
8.4	0.12655889145496535	2165
5.6	0.08589511754068715	5530
10.9	0.16682027649769585	1085
12.9	0.1986013986013986	715
7.4	0.1130932346011444	2971
10.3	0.14391691394658754	1348
20.3	0.27014218009478674	211
5.9	0.09408825978351373	4804
11.0	0.16042267050912584	1041
11.3	0.14843006660323502	1051
12.7	0.1601513240857503	793
9.7	0.14504881450488144	1434
16.1	0.19534883720930232	430
8.6	0.12678936605316973	1956
9.0	0.12827510917030568	1832
6.2	0.10092155540570914	4449
10.1	0.15860014892032762	1343
4.9	0.07776684010687666	7111
8.9	0.14367219917012447	1928
9.1	0.1192200557103064	1795
8.3	0.1269982238010657	2252
9.6	0.1503225806451613	1550
7.1	0.11121524523586379	3201
14.0	0.2109777015437393	583
6.9	0.09827278141751042	3358
14.9	0.20502901353965183	517
13.6	0.19462025316455697	632
8.2	0.133244798583444	2259
13.4	0.2065378900445765	673
13.8	0.2027491408934708	582
26.7	0.27631578947368424	76
6.8	0.1056701030927835	3492
11.9	0.18405627198124266	853
16.0	0.24040920716112532	391
10.5	0.1487138263665595	1244
13.0	0.18878248974008208	731
9.4	0.152	1625
13.7	0.19568567026194145	649
16.6	0.24433249370277077	397
8.5	0.11910669975186104	2015
16.7	0.21568627450980393	408
22.1	0.28	150
12.2	0.15432098765432098	810
14.5	0.21456692913385828	508
9.2	0.1417142857142857	1750
13.1	0.20989304812834225	748
15.8	0.23459715639810427	422
11.6	0.16421052631578947	950
12.5	0.16490765171503957	758
14.3	0.2078559738134206	611
15.4	0.2260127931769723	469
9.5	0.13189448441247004	1668
12.4	0.19950738916256158	812
15.9	0.21303258145363407	399
10.2	0.14798850574712644	1392
10.4	0.13902053712480253	1266
24.3	0.3963963963963964	111
10.8	0.1495246326707001	1157
27.6	0.4125	80
15.3	0.24347826086956523	460
17.1	0.22402597402597402	308
16.4	0.2598870056497175	354
13.5	0.19047619047619047	630
12.6	0.18274111675126903	788
17.9	0.23076923076923078	299
17.0	0.20485175202156333	371
16.3	0.2702020202020202	396
13.2	0.18865248226950354	705
24.1	0.35714285714285715	140
12.1	0.16976998904709747	913
21.8	0.2671232876712329	146
27.8	0.3424657534246575	73
25.4	0.2782608695652174	115
23.8	0.3482142857142857	112
24.6	0.3170731707317073	123
21.7	0.3253012048192771	166
39.8	0.4	20
13.9	0.2088607594936709	632
12.3	0.18333333333333332	840
19.1	0.2925764192139738	229
12.0	0.18828932261768083	871
15.1	0.22334004024144868	497
23.6	0.34146341463414637	123
21.4	0.2972972972972973	185
16.9	0.28774928774928776	351
21.1	0.3333333333333333	195
22.0	0.2822085889570552	163
18.6	0.2988929889298893	271
30.4	0.3584905660377358	53
12.8	0.18904109589041096	730
28.4	0.31645569620253167	79
26.9	0.3563218390804598	87
15.0	0.23732251521298176	493
22.6	0.34459459459459457	148
19.6	0.29107981220657275	213
19.5	0.2706422018348624	218
28.1	0.47368421052631576	76
19.7	0.2183406113537118	229
18.5	0.24907063197026022	269
15.6	0.2245762711864407	472
14.7	0.19324577861163228	533
14.4	0.21782178217821782	505
19.2	0.2631578947368421	228
20.2	0.3165137614678899	218
19.4	0.2672413793103448	232
20.8	0.2857142857142857	175
23.2	0.2805755395683453	139
18.3	0.28515625	256
17.2	0.24183006535947713	306
11.1	0.16041275797373358	1066
20.6	0.27403846153846156	208
21.9	0.26011560693641617	173
18.7	0.22846441947565543	267
20.9	0.24561403508771928	171
21.0	0.2356020942408377	191
21.2	0.3028571428571429	175
20.4	0.2871287128712871	202
18.0	0.2305194805194805	308
15.7	0.22535211267605634	426
22.2	0.3383458646616541	133
14.2	0.2388888888888889	540
16.2	0.2375	400
31.8	0.3541666666666667	48
27.7	0.35064935064935066	77
16.5	0.2342857142857143	350
19.0	0.3035019455252918	257
18.4	0.2846975088967972	281
17.7	0.28169014084507044	284
18.1	0.2768166089965398	289
17.5	0.2271186440677966	295
25.0	0.3229166666666667	96
29.1	0.39705882352941174	68
16.8	0.20930232558139536	344
18.8	0.2178988326848249	257
18.2	0.27697841726618705	278
14.8	0.20809248554913296	519
36.3	0.4482758620689655	29
24.9	0.3627450980392157	102
23.5	0.3492063492063492	126
24.4	0.3274336283185841	113
32.8	0.46511627906976744	43
25.1	0.32038834951456313	103
20.1	0.3076923076923077	195
27.9	0.3157894736842105	76
17.8	0.25524475524475526	286
24.7	0.3118279569892473	93
17.3	0.21694915254237288	295
30.7	0.46153846153846156	39
22.8	0.2827586206896552	145
18.9	0.2623574144486692	263
40.9	0.38095238095238093	21
21.6	0.2839506172839506	162
28.5	0.37037037037037035	54
19.9	0.2616822429906542	214
36.8	0.36363636363636365	22
24.5	0.28448275862068967	116
27.0	0.3855421686746988	83
23.0	0.36220472440944884	127
23.9	0.33035714285714285	112
33.2	0.5121951219512195	41
22.7	0.2824427480916031	131
24.8	0.30275229357798167	109
21.3	0.2677595628415301	183
34.1	0.4375	32
45.6	0.23076923076923078	13
28.6	0.29850746268656714	67
24.0	0.19607843137254902	102
28.8	0.3611111111111111	72
19.3	0.2692307692307692	208
23.1	0.32666666666666666	150
15.5	0.20892018779342722	426
32.7	0.4523809523809524	42
39.7	0.5882352941176471	17
25.8	0.3829787234042553	94
25.2	0.28431372549019607	102
28.3	0.3582089552238806	67
31.5	0.37209302325581395	43
20.0	0.24509803921568626	204
30.6	0.3392857142857143	56
26.5	0.3372093023255814	86
23.7	0.3333333333333333	114
25.7	0.42857142857142855	77
23.4	0.30656934306569344	137
37.2	0.4444444444444444	27
30.2	0.2727272727272727	44
26.0	0.3707865168539326	89
25.5	0.31958762886597936	97
40.2	0.6153846153846154	13
33.6	0.4594594594594595	37
20.7	0.2914572864321608	199
41.9	0.35714285714285715	14
25.9	0.375	120
39.2	0.3181818181818182	22
20.5	0.23300970873786409	206
30.0	0.38235294117647056	68
19.8	0.3127962085308057	211
83.1	0.6666666666666666	3
34.5	0.5	28
42.1	0.5625	16
51.2	0.42857142857142855	7
31.3	0.34210526315789475	38
50.7	0.4444444444444444	9
55.3	0.8333333333333334	6
22.5	0.3382352941176471	136
61.1	0.6666666666666666	6
45.0	0.4166666666666667	12
66.0	0.5	2
56.0	0.6666666666666666	6
72.2	1.0	1
45.2	0.5	10
48.4	0.375	8
38.2	0.4166666666666667	24
26.2	0.30666666666666664	75
75.9	1.0	2
34.2	0.4411764705882353	34
50.2	0.6666666666666666	9
51.3	1.0	6
32.1	0.39622641509433965	53
43.8	0.5555555555555556	9
66.8	0.0	2
41.0	0.29411764705882354	17
51.6	0.3333333333333333	6
54.2	0.8888888888888888	9
42.8	0.46153846153846156	13
35.3	0.5263157894736842	38
33.1	0.5853658536585366	41
31.2	0.3333333333333333	42
32.3	0.4883720930232558	43
55.7	0.4	5
68.2	1.0	2
45.8	0.5	8
43.7	0.46153846153846156	13
60.3	1.0	7
30.8	0.30357142857142855	56
62.1	0.5	4
41.8	0.5	20
93.8	1.0	2
37.7	0.5625	32
67.1	1.0	2
47.0	0.35714285714285715	14
52.5	0.8333333333333334	6
46.1	0.5555555555555556	9
29.9	0.4	55
38.9	0.6875	16
57.6	0.3333333333333333	3
46.3	0.3333333333333333	15
50.8	0.375	8
79.0	1.0	3
33.4	0.42857142857142855	35
39.5	0.5263157894736842	19
58.0	0.8	5
22.3	0.23357664233576642	137
36.0	0.34615384615384615	26
34.6	0.42857142857142855	35
34.0	0.5	40
42.3	0.4166666666666667	12
45.9	0.35714285714285715	14
61.5	0.6666666666666666	6
57.4	0.5	8
27.1	0.3493975903614458	83
33.8	0.29411764705882354	34
71.5	0.6666666666666666	3
40.3	0.68	25
34.8	0.48	25
36.7	0.5357142857142857	28
57.9	0.5	4
64.6	0.5	2
79.4	1.0	3
69.1	0.6	5
49.9	0.5882352941176471	17
52.1	0.3333333333333333	3
32.2	0.4878048780487805	41
111.7	1.0	1
58.6	1.0	4
87.0	0.5	2
59.0	0.7	10
35.0	0.45161290322580644	31
85.3	0.5	2
49.5	0.5454545454545454	11
107.7	1.0	1
35.6	0.42857142857142855	35
33.0	0.49019607843137253	51
27.5	0.38961038961038963	77
29.0	0.3387096774193548	62
29.2	0.26666666666666666	60
52.7	0.6666666666666666	6
22.9	0.30714285714285716	140
35.8	0.42857142857142855	28
32.6	0.36585365853658536	41
36.9	0.4074074074074074	27
48.8	0.6666666666666666	12
40.1	0.2631578947368421	19
30.1	0.2641509433962264	53
32.4	0.35714285714285715	42
21.5	0.2634730538922156	167
29.6	0.29508196721311475	61
70.2	1.0	1
60.8	0.3333333333333333	3
41.5	0.2857142857142857	14
58.8	0.5	6
33.5	0.40625	32
27.3	0.35384615384615387	65
27.4	0.3924050632911392	79
52.8	0.5	10
46.4	0.625	16
28.7	0.45614035087719296	57
24.2	0.2909090909090909	110
40.5	0.6153846153846154	26
28.9	0.39285714285714285	56
37.1	0.2777777777777778	18
39.6	0.15384615384615385	26
26.3	0.379746835443038	79
76.3	0.5	2
34.7	0.3548387096774194	31
23.3	0.3900709219858156	141
71.8	1.0	2
44.0	0.4375	16
33.3	0.5365853658536586	41
35.1	0.5	36
32.0	0.46938775510204084	49
31.6	0.4186046511627907	43
36.1	0.3333333333333333	45
22.4	0.313953488372093	172
28.2	0.3684210526315789	57
65.5	0.3333333333333333	3
31.0	0.40816326530612246	49
64.7	1.0	2
26.4	0.38202247191011235	89
76.5	1.0	3
35.7	0.5333333333333333	30
40.7	0.25925925925925924	27
65.0	0.5	2
64.2	1.0	2
59.2	0.6666666666666666	6
34.9	0.34375	32
31.9	0.4090909090909091	44
58.5	0.25	4
46.6	0.42857142857142855	14
47.1	0.5	12
34.3	0.6363636363636364	33
43.2	0.35	20
33.7	0.4	35
90.7	1.0	1
89.6	0.5	2
107.2	1.0	1
44.6	0.21428571428571427	14
29.4	0.3384615384615385	65
41.4	0.38461538461538464	13
77.9	0.6666666666666666	3
37.3	0.25925925925925924	27
25.3	0.3114754098360656	122
31.4	0.44	50
69.5	0.5	4
54.3	0.6666666666666666	6
80.3	1.0	1
60.2	0.875	8
28.0	0.5068493150684932	73
68.0	1.0	3
70.5	0.6666666666666666	3
30.3	0.3958333333333333	48
44.2	0.7272727272727273	11
39.9	0.5789473684210527	19
37.8	0.38095238095238093	21
30.9	0.4	65
38.3	0.5	24
44.4	0.5454545454545454	11
47.6	0.4444444444444444	9
35.2	0.55	20
29.7	0.3148148148148148	54
45.5	0.5	14
37.4	0.21739130434782608	23
45.7	0.5384615384615384	13
46.2	0.625	8
29.3	0.4090909090909091	66
29.5	0.37209302325581395	43
38.8	0.4166666666666667	24
50.0	0.7142857142857143	7
26.8	0.34523809523809523	84
60.9	0.5	6
51.1	0.5454545454545454	11
25.6	0.3888888888888889	108
62.2	0.5	4
47.3	0.5	8
41.2	0.55	20
48.0	0.5555555555555556	9
52.4	0.7777777777777778	9
49.2	0.7777777777777778	9
38.0	0.4666666666666667	30
42.0	0.5	14
41.6	0.4782608695652174	23
48.7	0.6666666666666666	6
27.2	0.28205128205128205	78
69.6	0.5	2
88.9	0.5	2
40.4	0.5161290322580645	31
49.8	0.5555555555555556	9
52.3	0.3333333333333333	6
44.8	0.5	12
47.5	0.5	6
33.9	0.34285714285714286	35
44.5	0.46153846153846156	13
34.4	0.34285714285714286	35
53.9	0.42857142857142855	7
107.1	1.0	1
61.9	0.6	5
50.1	0.5	12
41.1	0.45	20
48.1	0.5	10
70.7	0.6666666666666666	3
68.4	0.5	4
51.0	0.6	5
38.1	0.4722222222222222	36
42.4	0.3	10
73.2	0.6666666666666666	3
47.4	0.6153846153846154	13
51.4	0.4	10
89.8	0.0	2
44.3	0.5333333333333333	15
63.6	1.0	4
71.6	1.0	1
82.0	1.0	2
53.8	0.8333333333333334	6
49.7	0.5	6
50.6	0.5833333333333334	12
38.5	0.5263157894736842	19
53.2	0.6666666666666666	3
76.6	1.0	2
59.4	0.8	5
26.6	0.2894736842105263	76
76.8	0.6666666666666666	3
82.3	0.0	1
48.6	0.7777777777777778	9
59.9	0.0	2
49.1	0.6666666666666666	3
43.9	0.4444444444444444	9
38.7	0.3888888888888889	18
36.6	0.46875	32
70.4	0.0	1
47.7	0.45454545454545453	11
38.6	0.5555555555555556	18
58.9	0.3333333333333333	3
39.1	0.4444444444444444	18
72.6	1.0	1
36.5	0.5	26
43.1	0.6363636363636364	11
59.1	0.8333333333333334	6
63.5	0.6666666666666666	3
42.5	0.21052631578947367	19
108.6	1.0	1
57.3	0.6	5
35.9	0.37142857142857144	35
31.7	0.32608695652173914	46
86.3	0.6666666666666666	3
43.6	0.3333333333333333	12
58.7	0.75	4
56.7	0.8333333333333334	6
36.4	0.41379310344827586	29
79.3	0.0	1
43.5	0.5	18
49.0	0.7777777777777778	9
39.3	0.7857142857142857	14
43.4	0.4	15
68.3	1.0	1
26.1	0.3888888888888889	108
109.1	1.0	2
32.5	0.46	50
56.9	0.625	8
56.1	0.0	4
60.7	0.75	4
53.6	0.8333333333333334	6
37.5	0.43478260869565216	23
42.9	0.4	20
53.3	0.4166666666666667	12
54.4	0.6666666666666666	3
32.9	0.391304347826087	46
38.4	0.6	25
61.4	0.5	6
52.9	0.7142857142857143	7
55.9	1.0	3
29.8	0.3170731707317073	41
60.5	0.6666666666666666	3
48.5	0.5833333333333334	12
66.3	1.0	3
61.0	0.75	4
89.0	1.0	1
45.1	0.3	10
81.3	1.0	2
37.6	0.35	20
51.5	0.5	8
31.1	0.4489795918367347	49
55.2	0.5	8
64.8	1.0	4
64.4	1.0	4
91.1	1.0	1
52.2	0.7142857142857143	7
35.4	0.2916666666666667	24
47.9	0.9090909090909091	11
39.4	0.42857142857142855	21
43.3	0.4166666666666667	12
46.7	0.6666666666666666	6
52.0	0.6153846153846154	13
56.4	0.2857142857142857	7
65.7	0.5	2
70.3	0.5	2
40.6	0.4375	16
95.4	1.0	1
57.2	0.75	4
53.4	0.6666666666666666	3
66.9	0.5	2
56.6	0.75	8
50.4	0.7142857142857143	7
65.1	0.6666666666666666	3
30.5	0.3111111111111111	45
37.9	0.5454545454545454	22
56.3	0.5	4
50.5	0.5	10
77.6	1.0	2
66.1	1.0	1
36.2	0.5555555555555556	18
83.4	0.5	2
44.1	0.5833333333333334	12
43.0	0.2727272727272727	11
37.0	0.5172413793103449	29
78.2	1.0	2
41.7	0.42105263157894735	19
40.0	0.47619047619047616	21
54.1	0.25	8
40.8	0.4375	16
45.4	0.42857142857142855	14
74.2	0.3333333333333333	3
39.0	0.375	16
60.1	0.6666666666666666	3
35.5	0.5294117647058824	34
64.3	0.6	5
69.3	1.0	2
45.3	0.3333333333333333	12
47.8	0.6666666666666666	6
44.7	0.5	10
48.2	0.4444444444444444	9
66.7	1.0	3
47.2	0.6666666666666666	6
63.4	0.75	4
46.9	0.6666666666666666	9
41.3	0.3	20
61.7	0.5	2
42.6	0.5	14
61.2	0.6666666666666666	3
73.3	1.0	2
65.8	0.4	5
66.4	0.6666666666666666	3
55.8	0.6	5
46.5	0.7777777777777778	9
44.9	0.3	10
50.3	0.5	10
63.0	0.25	4
54.8	0.6666666666666666	3
57.1	0.6666666666666666	3
59.3	0.5	4
105.5	1.0	2
61.6	0.5	4
58.4	1.0	2
73.4	0.5	2
65.9	0.6	5
53.0	0.6153846153846154	13
49.3	0.7777777777777778	9
51.9	0.8	5
59.5	1.0	2
42.7	0.7777777777777778	9
46.8	0.5	8
67.7	1.0	1
51.7	0.6	5
74.5	1.0	2
59.7	0.8333333333333334	6
61.3	0.5	4
64.0	1.0	2
86.4	1.0	2
70.0	1.0	1
81.9	1.0	3
71.2	1.0	1
155.8	0.0	1
78.6	1.0	1
57.5	0.75	4
50.9	0.7777777777777778	9
87.2	1.0	2
63.2	0.6666666666666666	3
54.5	0.6666666666666666	9
75.1	1.0	2
81.4	1.0	2
75.0	0.5	2
77.2	1.0	2
169.8	0.0	1
88.2	1.0	1
48.3	0.3333333333333333	6
54.9	0.5	4
83.6	1.0	2
85.6	1.0	1
42.2	0.46153846153846156	13
76.2	1.0	2
58.2	0.6666666666666666	6
70.1	0.0	2
63.8	0.5	2
134.1	1.0	1
64.9	0.75	4
55.4	1.0	3
55.0	0.5	4
71.1	1.0	1
62.5	0.5	4
85.2	0.5	2
57.7	0.6666666666666666	3
53.5	0.6	5
49.4	0.5	4
82.5	0.3333333333333333	3
60.6	0.75	4
90.1	1.0	1
54.7	0.6666666666666666	3
46.0	0.4	5
62.6	1.0	3
80.6	0.5	2
57.0	1.0	2
69.8	1.0	1
56.5	0.0	3
51.8	0.5	6
62.0	0.0	1
83.8	1.0	2
53.7	1.0	3
62.7	1.0	2
67.6	1.0	2
78.7	0.5	2
52.6	0.4444444444444444	9
63.1	0.0	1
55.6	0.25	4
58.1	0.3333333333333333	3
77.8	1.0	1
59.8	0.6	5
78.4	1.0	3
48.9	0.8571428571428571	7
68.6	1.0	2
60.0	0.5	4
64.5	1.0	1
54.0	0.3333333333333333	6
62.8	0.5	2
53.1	0.3333333333333333	9
78.0	1.0	2
67.3	0.5	2
94.2	0.5	2
65.3	0.5	2
57.8	0.25	8
75.5	0.0	1
91.0	0.0	2
63.7	0.6	5
68.5	0.6666666666666666	3
91.5	1.0	1
67.8	0.5	4
49.6	0.42857142857142855	7
59.6	1.0	1
72.1	0.0	1
68.9	0.5	2
56.2	0.25	4
87.9	1.0	1
86.7	1.0	1
81.8	1.0	1
76.9	1.0	3
66.2	1.0	2
62.3	1.0	1
65.4	0.4	5
87.4	1.0	1
55.5	0.0	1
65.6	1.0	4
75.3	1.0	2
63.9	0.75	4
86.0	1.0	1
85.8	1.0	1
56.8	0.6666666666666666	3
70.6	1.0	2
75.2	1.0	2
85.4	1.0	1
88.3	0.0	1
185.3	0.0	1
62.4	1.0	3
101.3	0.0	1
106.1	1.0	1
72.3	1.0	2
106.4	1.0	1
84.9	1.0	1
124.1	1.0	1
85.5	0.0	1
72.8	1.0	1
129.4	1.0	1
88.8	1.0	1
68.7	1.0	1
101.9	1.0	1
90.6	0.0	1
84.5	1.0	1
77.3	1.0	1
65.2	0.5	2
92.1	1.0	2
120.5	1.0	1
86.6	0.0	1
99.3	1.0	2
112.9	1.0	2
157.5	1.0	1
71.9	1.0	1
96.6	1.0	1
90.4	0.0	1
108.4	1.0	1
135.6	1.0	1
84.6	1.0	1
72.0	1.0	5
128.7	1.0	1
83.0	1.0	1
69.0	1.0	1
113.5	1.0	1
73.9	0.0	1
101.0	1.0	1
99.1	1.0	1
142.8	1.0	1
111.8	1.0	1
88.4	1.0	1
66.6	1.0	1
206.0	1.0	1
115.5	0.0	1
145.3	0.0	1
103.9	1.0	1
147.5	1.0	1
82.9	1.0	1
184.8	1.0	1
116.6	1.0	2
77.0	0.0	2
149.2	1.0	1
78.8	1.0	1
67.5	0.0	1
133.1	1.0	1
87.5	1.0	1
80.0	1.0	1
148.1	1.0	1
208.9	1.0	1
72.9	1.0	1
129.8	1.0	1
76.0	1.0	1
80.5	1.0	2
88.1	1.0	1
116.2	1.0	2
95.8	1.0	1
54.6	1.0	1
114.8	1.0	2
183.4	1.0	1
120.7	1.0	1
87.8	1.0	1
88.5	1.0	1
77.1	1.0	1
83.5	1.0	1
69.2	1.0	2
72.7	1.0	2
103.4	1.0	1
89.1	0.6666666666666666	3
120.9	1.0	1
81.5	1.0	2
94.1	1.0	1
71.7	0.0	1
90.3	1.0	3
99.5	1.0	1
80.8	1.0	1
139.1	1.0	1
95.7	1.0	1
140.1	1.0	1
84.0	0.0	1
155.2	1.0	1
123.2	1.0	1
97.7	1.0	1
191.2	1.0	1
94.4	0.0	1
111.3	1.0	1
82.8	0.0	1
157.1	1.0	1
90.9	1.0	2
109.2	1.0	1
82.7	1.0	1
107.8	1.0	1
96.5	1.0	1
86.8	1.0	1
130.7	1.0	1
62.9	0.5	2
114.5	1.0	1
163.2	1.0	1
237.9	1.0	1
142.5	1.0	1
73.6	1.0	1
73.1	1.0	3
145.6	1.0	1
74.1	0.0	1
112.6	1.0	1
69.4	1.0	1
96.3	0.0	1
60.4	1.0	1
151.5	1.0	1
85.7	0.0	1
146.3	1.0	1
122.9	1.0	1
100.2	1.0	1
108.1	1.0	1
125.4	0.5	2
127.3	1.0	1
79.1	1.0	1
93.4	1.0	1
67.9	1.0	1
61.8	1.0	2
89.9	1.0	1
98.0	1.0	1
68.1	1.0	1
71.4	0.0	2
74.3	1.0	1
90.5	0.0	1
135.7	1.0	1
101.7	1.0	1
74.8	1.0	1
121.9	1.0	1
120.2	1.0	1
75.7	1.0	1
105.1	0.0	1
119.2	1.0	1
137.0	1.0	1
78.5	1.0	1
72.4	0.0	1
114.7	1.0	1
102.5	1.0	1
101.2	1.0	1
58.3	0.0	1
76.7	1.0	1
70.9	1.0	1
88.7	1.0	1
84.4	1.0	1
114.3	1.0	1
76.1	0.0	1
93.3	1.0	1
87.6	1.0	1
99.9	1.0	1
77.4	1.0	1
94.0	1.0	1
67.4	0.0	1
80.9	1.0	2
63.3	0.0	1
100.9	1.0	1
67.0	1.0	1
100.8	1.0	1
82.4	1.0	1
107.9	1.0	1
83.7	0.0	1
73.5	1.0	1
102.6	0.0	1
